"Your_Fund","Fund_Investment","Your_Fund_Percent","Company","Initial_Investment_Year","Initial_Inv_Qtr_End_Date","Stage_of_First_Investment","Current_Stage","Industry","Geography","As_Of_Date","YF_Currency","Unrealized_Cost_YF_Cur","Realized_Cost_YF_Cur","Total_Cost_YF_Cur","Recent_Value_YF_Cur","Cum_Proceeds_YF_Cur","Total_Value_YF_Cur","FI_Currency","Unrealized_Cost_FI_Cur","Realized_Cost_FI_Cur","Total_Cost_FI_Cur","Recent_Value_FI_Cur","Cum_Proceeds_FI_Cur","Total_Value_FI_Cur","Total_Count","Private_Count","Public_Count","Realized_Count","Write_Off_Count"
"Adveq Fund of Funds II","Underlying 1",6.24,"Company 1","2011","31/03/2011","ES","ES","322 Educational and Training Products","314 India","31/03/2015","USD",2120869,0,2120869,2523228,0,2523228,"USD",2120869,0,2120869,2523228,0,2523228,"1","1","0","0","0"
"Adveq Fund of Funds II","Underlying 1",6.24,"Company 2","2011","30/06/2011","SS","SS","313 Electronic Commerce","314 India","31/03/2015","USD",3952844,0,3952844,0,0,0,"USD",3952844,0,3952844,0,0,0,"1","1","0","0","0"
"Adveq Fund of Funds II","Underlying 1",6.24,"Company 3","2011","31/03/2011","SS","SS","11 Communications / Networking (CN)","314 India","31/03/2015","USD",0,386161,386161,0,194003,194003,"USD",0,386161,386161,0,194003,194003,"1","0","0","1","0"
"Adveq Fund of Funds II","Underlying 1",6.24,"Company 4","2011","31/03/2011","SS","SS","11 Communications / Networking (CN)","314 India","31/03/2015","USD",2177606,0,2177606,13675354,0,13675354,"USD",2177606,0,2177606,13675354,0,13675354,"1","1","0","0","0"
"Adveq Fund of Funds II","Underlying 1",6.24,"Company 5","2010","31/03/2010","ES","LS","155 Other Online Services","314 India","31/03/2015","USD",10059917,476609,10536526,496725002,63083596,559808598,"USD",10059917,476609,10536526,496725002,63083596,559808598,"1","1","0","0","0"
"Adveq Fund of Funds II","Underlying 1",6.24,"Company 6","2011","30/06/2011","SS","SS","322 Educational and Training Products","314 India","31/03/2015","USD",1176286,0,1176286,1036782,0,1036782,"USD",1176286,0,1176286,1036782,0,1036782,"1","1","0","0","0"
"Adveq Fund of Funds II","Underlying 1",6.24,"Company 7","2011","31/03/2011","SS","SS","21 Healthcare Services (HS)","314 India","31/03/2015","USD",0,676570,676570,0,1479725,1479725,"USD",0,676570,676570,0,1479725,1479725,"1","0","0","1","0"
"Adveq Fund of Funds II","Underlying 1",6.24,"Company 8","2011","31/03/2011","SS","SS","14 Software (SW)","314 India","31/03/2015","USD",1570842,0,1570842,1502967,0,1502967,"USD",1570842,0,1570842,1502967,0,1502967,"1","1","0","0","0"
"Adveq Fund of Funds II","Underlying 1",6.24,"Company 9","2010","31/12/2010","ES","ES","23 Biopharmaceuticals (BPH)","314 India","31/03/2015","USD",0,480732,480732,0,1018869,1018869,"USD",0,480732,480732,0,1018869,1018869,"1","0","0","1","0"
"Adveq Fund of Funds II","Underlying 1",6.24,"Company 10","2011","31/03/2011","ES","ES","12 Electronics / Computer Hardware (EC)","314 India","31/03/2015","USD",0,1902486,1902486,0,1921923,1921923,"USD",0,1902486,1902486,0,1921923,1921923,"1","0","0","1","0"
"Adveq Fund of Funds II","Underlying 1",6.24,"Company 11","2011","30/06/2011","SS","SS","24 Medical Devices and Equipment (MDE)","314 India","31/03/2015","USD",1715781,0,1715781,1719337,0,1719337,"USD",1715781,0,1715781,1719337,0,1719337,"1","1","0","0","0"
"Adveq Fund of Funds II","Underlying 1",6.24,"Company 12","2011","30/09/2011","SS","SS","11 Communications / Networking (CN)","314 India","31/03/2015","USD",1455018,0,1455018,1959283,0,1959283,"USD",1455018,0,1455018,1959283,0,1959283,"1","1","0","0","0"
"Adveq Fund of Funds II","Underlying 1",6.24,"Company 13","2011","31/03/2011","ES","LS","311 Apparel and Accessory Retailers","314 India","31/03/2015","USD",0,0,0,0,0,0,"USD",0,0,0,0,0,0,"0","0","0","0","0"
"Adveq Fund of Funds II","Underlying 1",6.24,"Company 14","2011","31/03/2011","ES","ES","14 Software (SW)","111 U.S. California","31/03/2015","USD",0,1433296,1433296,0,0,0,"USD",0,1433296,1433296,0,0,0,"1","0","0","0","1"
"Adveq Fund of Funds II","Underlying 1",6.24,"Company 15","2011","31/03/2011","SS","SS","14 Software (SW)","314 India","31/03/2015","USD",0,1012893,1012893,0,283821,283821,"USD",0,1012893,1012893,0,283821,283821,"1","0","0","1","0"
"Adveq Fund of Funds II","Underlying 1",6.24,"Company 16","2011","30/09/2011","ES","ES","15 Information Services (IS)","314 India","31/03/2015","USD",1961590,0,1961590,1982629,0,1982629,"USD",1961590,0,1961590,1982629,0,1982629,"1","1","0","0","0"
"Adveq Fund of Funds II","Underlying 1",6.24,"Company 17","2011","31/03/2011","ES","ES","334 Financial Institutions and Services","314 India","31/03/2015","USD",1865910,0,1865910,2418120,0,2418120,"USD",1865910,0,1865910,2418120,0,2418120,"1","1","0","0","0"
"Adveq Fund of Funds II","Underlying 1",6.24,"Company 18","2011","31/03/2011","ES","ES","155 Other Online Services","314 India","31/03/2015","USD",2313604,0,2313604,3196707,0,3196707,"USD",2313604,0,2313604,3196707,0,3196707,"1","1","0","0","0"
"Adveq Fund of Funds II","Underlying 1",6.24,"Company 19","2013","30/06/2013","SS","SS","334 Financial Institutions and Services","314 India","31/03/2015","USD",1690714,0,1690714,1659946,0,1659946,"USD",1690714,0,1690714,1659946,0,1659946,"1","1","0","0","0"
"Adveq Fund of Funds II","Underlying 1",6.24,"Company 20","2011","31/03/2011","ES","ES","11 Communications / Networking (CN)","113 U.S. North East","31/03/2015","USD",0,0,0,0,0,0,"USD",0,0,0,0,0,0,"0","0","0","0","0"
"Adveq Fund of Funds II","Underlying 1",6.24,"Company 21","2011","30/09/2011","ES","ES","11 Communications / Networking (CN)","314 India","31/03/2015","USD",2045683,0,2045683,2417387,0,2417387,"USD",2045683,0,2045683,2417387,0,2417387,"1","1","0","0","0"
"Adveq Fund of Funds II","Underlying 1",6.24,"Company 22","2011","31/03/2011","SS","SS","14 Software (SW)","314 India","31/03/2015","USD",682431,0,682431,586488,0,586488,"USD",682431,0,682431,586488,0,586488,"1","1","0","0","0"
"Adveq Fund of Funds II","Underlying 1",6.24,"Company 23","2011","31/03/2011","SS","SS","155 Other Online Services","314 India","31/03/2015","USD",0,1174546,1174546,0,586581,586581,"USD",0,1174546,1174546,0,586581,586581,"1","0","0","1","0"
"Adveq Fund of Funds II","Underlying 1",6.24,"Company 24","2011","31/03/2011","ES","ES","14 Software (SW)","314 India","31/03/2015","USD",4356379,0,4356379,3506565,0,3506565,"USD",4356379,0,4356379,3506565,0,3506565,"1","1","0","0","0"
"Adveq Fund of Funds II","Underlying 1",6.24,"Company 25","2010","31/03/2010","ES","ES","12 Electronics / Computer Hardware (EC)","111 U.S. California","31/03/2015","USD",2731778,0,2731778,1593491,0,1593491,"USD",2731778,0,2731778,1593491,0,1593491,"1","1","0","0","0"
"Adveq Fund of Funds II","Underlying 2",1.65,"Company 26","2008","31/12/2008","DC","BO","328 Industrial Products","436 Southern Africa","31/03/2015","USD",79237000,1996081,81233081,113609000,13259000,126868000,"USD",79237000,1996081,81233081,113609000,13259000,126868000,"1","1","0","0","0"
"Adveq Fund of Funds II","Underlying 2",1.65,"Company 27","2009","30/09/2009","PU","PU","334 Financial Institutions and Services","431 Egypt","31/03/2015","USD",0,41716000,41716000,0,83160000,83160000,"USD",0,41716000,41716000,0,83160000,83160000,"1","0","0","1","0"
"Adveq Fund of Funds II","Underlying 2",1.65,"Company 28","2008","31/12/2008","BO","BO","46 Other","45 Other - Rest of World","31/03/2015","USD",0,7606900,7606900,0,6233000,6233000,"USD",0,7606900,7606900,0,6233000,6233000,"1","0","0","1","0"
"Adveq Fund of Funds II","Underlying 2",1.65,"Company 29","2010","30/09/2010","BO","BO","334 Financial Institutions and Services","431 Egypt","31/03/2015","USD",18870000,6669440,25539440,74220000,8499000,82719000,"USD",18870000,6669440,25539440,74220000,8499000,82719000,"1","1","0","0","0"
"Adveq Fund of Funds II","Underlying 2",1.65,"Company 30","2013","30/06/2013","DC","DC","323 Food Products","431 Egypt","31/03/2015","USD",50331000,1937000,52268000,134744000,2821000,137565000,"USD",50331000,1937000,52268000,134744000,2821000,137565000,"1","1","0","0","0"
"Adveq Fund of Funds II","Underlying 2",1.65,"Company 31","2008","31/12/2008","DC","DC","314 Food Retailing","431 Egypt","31/03/2015","USD",0,12315000,12315000,0,14676000,14676000,"USD",0,12315000,12315000,0,14676000,14676000,"1","0","0","1","0"
"Adveq Fund of Funds II","Underlying 2",1.65,"Company 32","2013","31/12/2013","BO","BO","334 Financial Institutions and Services","436 Southern Africa","31/03/2015","USD",62325000,0,62325000,74409000,0,74409000,"USD",62325000,0,62325000,74409000,0,74409000,"1","1","0","0","0"
"Adveq Fund of Funds II","Underlying 2",1.65,"Company 33","2011","31/12/2011","DC","DC","324 Vehicle and Components Manufacturers","436 Southern Africa","31/03/2015","USD",31458000,16176937,47634937,72123000,19628000,91751000,"USD",31458000,16176937,47634937,72123000,19628000,91751000,"1","1","0","0","0"
"Adveq Fund of Funds II","Underlying 2",1.65,"Company 34","2010","30/09/2010","BO","BO","325 Producers of Clothing and Accessories","45 Other - Rest of World","31/03/2015","USD",29616931,9380069,38997000,51909000,12862000,64771000,"USD",29616931,9380069,38997000,51909000,12862000,64771000,"1","1","0","0","0"
"Adveq Fund of Funds II","Underlying 3",0.6,"Company 35","2012","30/09/2012","DC","DC","12 Electronics / Computer Hardware (EC)","314 India","31/03/2015","USD",39371000,0,39371000,56112000,0,56112000,"USD",39371000,0,39371000,56112000,0,56112000,"1","1","0","0","0"
"Adveq Fund of Funds II","Underlying 3",0.6,"Company 36","2010","31/12/2010","BO","BO","331 Business Services","314 India","31/03/2015","USD",62500000,0,62500000,44049000,96000,44145000,"USD",62500000,0,62500000,44049000,96000,44145000,"1","1","0","0","0"
"Adveq Fund of Funds II","Underlying 3",0.6,"Company 37","2012","30/09/2012","PU","PU","21 Healthcare Services (HS)","317 Other - Asia Pacific","31/03/2015","USD",26838000,5596000,32434000,48454000,6670000,55124000,"USD",26838000,5596000,32434000,48454000,6670000,55124000,"1","0","1","0","0"
"Adveq Fund of Funds II","Underlying 3",0.6,"Company 38","2011","31/12/2011","DC","DC","324 Vehicle and Components Manufacturers","314 India","31/03/2015","USD",34500000,377965,34877965,74428000,511965,74939965,"USD",34500000,377965,34877965,74428000,511965,74939965,"1","1","0","0","0"
"Adveq Fund of Funds II","Underlying 3",0.6,"Company 39","2010","30/09/2010","PU","PU","334 Financial Institutions and Services","314 India","31/03/2015","USD",46708000,11173000,57881000,37809000,15374000,53183000,"USD",46708000,11173000,57881000,37809000,15374000,53183000,"1","0","1","0","0"
"Adveq Fund of Funds II","Underlying 3",0.6,"Company 40","2010","31/03/2010","DC","DC","331 Business Services","314 India","31/03/2015","USD",31839000,0,31839000,7743000,32000,7775000,"USD",31839000,0,31839000,7743000,32000,7775000,"1","1","0","0","0"
"Adveq Fund of Funds II","Underlying 3",0.6,"Company 41","2008","31/12/2008","BO","BO","327 Consumer Products","314 India","31/03/2015","USD",0,29464000,29464000,0,94401000,94401000,"USD",0,29464000,29464000,0,94401000,94401000,"1","0","0","1","0"
"Adveq Fund of Funds II","Underlying 3",0.6,"Company 42","2011","31/12/2011","BO","BO","21 Healthcare Services (HS)","314 India","31/03/2015","USD",0,3579597,3579597,0,2773000,2773000,"USD",0,3579597,3579597,0,2773000,2773000,"1","0","0","1","0"
"Adveq Fund of Funds II","Underlying 3",0.6,"Company 43","2011","31/03/2011","DC","DC","327 Consumer Products","314 India","31/03/2015","USD",72940000,32918000,105858000,42232000,33252000,75484000,"USD",72940000,32918000,105858000,42232000,33252000,75484000,"1","1","0","0","0"
"Adveq Fund of Funds II","Underlying 3",0.6,"Company 44","2013","31/12/2013","BO","BO","23 Biopharmaceuticals (BPH)","314 India","31/03/2015","USD",46887000,0,46887000,78651000,0,78651000,"USD",46887000,0,46887000,78651000,0,78651000,"1","1","0","0","0"
"Adveq Fund of Funds II","Underlying 4",10.11,"Company 45","2012","31/12/2012","LS","LS","24 Medical Devices and Equipment (MDE)","312 China","31/03/2015","USD",5632046.28,0,5632046.28,5632046.42,0,5632046.42,"USD",5632046.28,0,5632046.28,5632046.42,0,5632046.42,"1","1","0","0","0"
"Adveq Fund of Funds II","Underlying 4",10.11,"Company 46","2014","31/03/2014","ES","ES","24 Medical Devices and Equipment (MDE)","111 U.S. California","31/03/2015","USD",5449541,0,5449541,5449541,0,5449541,"USD",5449541,0,5449541,5449541,0,5449541,"1","1","0","0","0"
"Adveq Fund of Funds II","Underlying 4",10.11,"Company 47","2013","30/09/2013","LS","LS","23 Biopharmaceuticals (BPH)","312 China","31/03/2015","USD",2724771,0,2724771,2724771,0,2724771,"USD",2724771,0,2724771,2724771,0,2724771,"1","1","0","0","0"
"Adveq Fund of Funds II","Underlying 4",10.11,"Company 48","2014","31/12/2014","ES","ES","23 Biopharmaceuticals (BPH)","312 China","31/03/2015","USD",1488633.03,0,1488633.03,1488633.03,0,1488633.03,"USD",1488633.03,0,1488633.03,1488633.03,0,1488633.03,"1","1","0","0","0"
"Adveq Fund of Funds II","Underlying 4",10.11,"Company 49","2014","31/12/2014","ES","ES","24 Medical Devices and Equipment (MDE)","312 China","31/03/2015","USD",5406004.92,0,5406004.92,5406004.92,0,5406004.92,"USD",5406004.92,0,5406004.92,5406004.92,0,5406004.92,"1","1","0","0","0"
"Adveq Fund of Funds II","Underlying 4",10.11,"Company 50","2014","30/06/2014","LS","LS","23 Biopharmaceuticals (BPH)","11 U.S.","31/03/2015","USD",4541284,0,4541284,4541284,0,4541284,"USD",4541284,0,4541284,4541284,0,4541284,"1","1","0","0","0"
"Adveq Fund of Funds II","Underlying 4",10.11,"Company 51","2014","30/09/2014","LS","LS","22 Medical Information Systems (MIS)","111 U.S. California","31/03/2015","USD",4541284.4,0,4541284.4,4541284.4,0,4541284.4,"USD",4541284.4,0,4541284.4,4541284.4,0,4541284.4,"1","1","0","0","0"
"Adveq Fund of Funds II","Underlying 4",10.11,"Company 52","2014","31/12/2014","DC","DC","21 Healthcare Services (HS)","312 China","31/03/2015","USD",5181304.11,0,5181304.11,5181304.11,0,5181304.11,"USD",5181304.11,0,5181304.11,5181304.11,0,5181304.11,"1","1","0","0","0"
"Adveq Fund of Funds II","Underlying 4",10.11,"Company 53","2014","31/03/2014","ES","ES","23 Biopharmaceuticals (BPH)","111 U.S. California","31/03/2015","USD",4551084,0,4551084,4551084,0,4551084,"USD",4551084,0,4551084,4551084,0,4551084,"1","1","0","0","0"
"Adveq Fund of Funds II","Underlying 4",10.11,"Company 54","2013","30/09/2013","LS","LS","23 Biopharmaceuticals (BPH)","312 China","31/03/2015","USD",8556072.46,0,8556072.46,8556072.5,0,8556072.5,"USD",8556072.46,0,8556072.46,8556072.5,0,8556072.5,"1","1","0","0","0"
"Adveq Fund of Funds II","Underlying 4",10.11,"Company 55","2013","31/12/2013","LS","LS","23 Biopharmaceuticals (BPH)","312 China","31/03/2015","USD",1923160,0,1923160,1923160,0,1923160,"USD",1923160,0,1923160,1923160,0,1923160,"1","1","0","0","0"
"Adveq Fund of Funds II","Underlying 4",10.11,"Company 56","2013","31/12/2013","LS","LS","23 Biopharmaceuticals (BPH)","312 China","31/03/2015","USD",10823550.12,0,10823550.12,14962336.66,0,14962336.66,"USD",10823550.12,0,10823550.12,14962336.66,0,14962336.66,"1","1","0","0","0"
"Adveq Fund of Funds II","Underlying 4",10.11,"Company 57","2014","31/12/2014","LS","LS","313 Electronic Commerce","312 China","31/03/2015","USD",1362385.32,0,1362385.32,1362385.32,0,1362385.32,"USD",1362385.32,0,1362385.32,1362385.32,0,1362385.32,"1","1","0","0","0"
"Adveq Fund of Funds II","Underlying 4",10.11,"Company 58","2013","31/03/2013","LS","LS","24 Medical Devices and Equipment (MDE)","312 China","31/03/2015","USD",6399078.64,0,6399078.64,6399078.06,0,6399078.06,"USD",6399078.64,0,6399078.64,6399078.06,0,6399078.06,"1","1","0","0","0"
"Adveq Fund of Funds II","Underlying 4",10.11,"Company 59","2014","31/12/2014","DC","DC","313 Electronic Commerce","312 China","31/03/2015","USD",18194149.07,0,18194149.07,18194149.07,0,18194149.07,"USD",18194149.07,0,18194149.07,18194149.07,0,18194149.07,"1","1","0","0","0"
"Adveq Fund of Funds II","Underlying 4",10.11,"Company 60","2013","30/06/2013","ES","ES","44 Environmental","312 China","31/03/2015","USD",7397888,0,7397888,7397888,0,7397888,"USD",7397888,0,7397888,7397888,0,7397888,"1","1","0","0","0"
"Adveq Fund of Funds II","Underlying 4",10.11,"Company 61","2014","31/12/2014","ES","ES","22 Medical Information Systems (MIS)","312 China","31/03/2015","USD",9082568.81,0,9082568.81,9082568.81,0,9082568.81,"USD",9082568.81,0,9082568.81,9082568.81,0,9082568.81,"1","1","0","0","0"
"Adveq Fund of Funds II","Underlying 5",0.34,"Company 62","2011","30/09/2011","DC","DC","324 Vehicle and Components Manufacturers","312 China","31/03/2015","USD",23400000,46810000,70210000,4.5e+07,113470000,158470000,"USD",23400000,46810000,70210000,4.5e+07,113470000,158470000,"1","1","0","0","0"
"Adveq Fund of Funds II","Underlying 5",0.34,"Company 63","2013","31/12/2013","DC","DC","423 Dairy","312 China","31/03/2015","USD",29310000,0,29310000,29310000,0,29310000,"USD",29310000,0,29310000,29310000,0,29310000,"1","1","0","0","0"
"Adveq Fund of Funds II","Underlying 5",0.34,"Company 64","2013","30/09/2013","DC","DC","311 Apparel and Accessory Retailers","311 Japan","31/03/2015","USD",73270000,0,73270000,73270000,0,73270000,"USD",73270000,0,73270000,73270000,0,73270000,"1","1","0","0","0"
"Adveq Fund of Funds II","Underlying 5",0.34,"Company 65","2011","31/12/2011","PU","PU","323 Food Products","312 China","31/03/2015","USD",19380000,0,19380000,4870000,0,4870000,"USD",19380000,0,19380000,4870000,0,4870000,"1","0","1","0","0"
"Adveq Fund of Funds II","Underlying 5",0.34,"Company 66","2011","31/03/2011","DC","DC","328 Industrial Products","312 China","31/03/2015","USD",0,104960000,104960000,0,139430000,139430000,"USD",0,104960000,104960000,0,139430000,139430000,"1","0","0","1","0"
"Adveq Fund of Funds II","Underlying 5",0.34,"Company 67","2012","31/03/2012","DC","DC","328 Industrial Products","312 China","31/03/2015","USD",30910000,0,30910000,50810000,0,50810000,"USD",30910000,0,30910000,50810000,0,50810000,"1","1","0","0","0"
"Adveq Fund of Funds II","Underlying 5",0.34,"Company 68","2011","31/12/2011","DC","PU","32 Consumer and Business Products","312 China","31/03/2015","USD",189210000,9290000,198500000,321870000,17930000,339800000,"USD",189210000,9290000,198500000,321870000,17930000,339800000,"1","0","1","0","0"
"Adveq Fund of Funds II","Underlying 5",0.34,"Company 69","2013","31/03/2013","DC","PU","313 Electronic Commerce","317 Other - Asia Pacific","31/03/2015","USD",14380000,7470000,21850000,56360000,26140000,82500000,"USD",14380000,7470000,21850000,56360000,26140000,82500000,"1","0","1","0","0"
"Adveq Fund of Funds II","Underlying 5",0.34,"Company 70","2013","30/09/2013","PU","PU","332 Consumer Services","312 China","31/03/2015","USD",97930000,0,97930000,275750000,0,275750000,"USD",97930000,0,97930000,275750000,0,275750000,"1","0","1","0","0"
"Adveq Fund of Funds II","Underlying 5",0.34,"Company 71","2012","30/06/2012","DC","DC","49 Oil & Gas","317 Other - Asia Pacific","31/03/2015","USD",43770000,20100000,63870000,67620000,27350000,94970000,"USD",43770000,20100000,63870000,67620000,27350000,94970000,"1","1","0","0","0"
"Adveq Fund of Funds II","Underlying 5",0.34,"Company 72","2013","30/06/2013","PU","PU","327 Consumer Products","316 Hong Kong","31/03/2015","USD",74360000,17280000,91640000,153430000,22780000,176210000,"USD",74360000,17280000,91640000,153430000,22780000,176210000,"1","0","1","0","0"
"Adveq Fund of Funds II","Underlying 5",0.34,"Company 73","2012","31/03/2012","DC","PU","23 Biopharmaceuticals (BPH)","312 China","31/03/2015","USD",34670000,30930000,65600000,185360000,125370000,310730000,"USD",34670000,30930000,65600000,185360000,125370000,310730000,"1","0","1","0","0"
"Adveq Fund of Funds II","Underlying 5",0.34,"Company 74","2011","31/12/2011","DC","DC","41 Specialty Materials and Chemicals","312 China","31/03/2015","USD",49850000,0,49850000,69640000,0,69640000,"USD",49850000,0,49850000,69640000,0,69640000,"1","1","0","0","0"
"Adveq Fund of Funds II","Underlying 5",0.34,"Company 75","2012","30/09/2012","DC","DC","48 Metals & Mining","312 China","31/03/2015","USD",212700000,0,212700000,140700000,0,140700000,"USD",212700000,0,212700000,140700000,0,140700000,"1","1","0","0","0"
"Adveq Fund of Funds II","Underlying 5",0.34,"Company 76","2010","30/09/2010","DC","PU","323 Food Products","312 China","31/03/2015","USD",93410000,0,93410000,151390000,1520000,152910000,"USD",93410000,0,93410000,151390000,1520000,152910000,"1","0","1","0","0"
"Adveq Fund of Funds II","Underlying 5",0.34,"Company 77","2011","31/03/2011","DC","DC","41 Specialty Materials and Chemicals","317 Other - Asia Pacific","31/03/2015","USD",9.6e+07,0,9.6e+07,1.08e+08,0,1.08e+08,"USD",9.6e+07,0,9.6e+07,1.08e+08,0,1.08e+08,"1","1","0","0","0"
"Adveq Fund of Funds II","Underlying 5",0.34,"Company 78","2012","30/06/2012","PU","PU","32 Consumer and Business Products","316 Hong Kong","31/03/2015","USD",32920000,0,32920000,32920000,3260000,36180000,"USD",32920000,0,32920000,32920000,3260000,36180000,"1","0","1","0","0"
"Adveq Fund of Funds II","Underlying 6",5.22,"Company 79","2010","30/09/2010","ES","ES","15 Information Services (IS)","312 China","31/03/2015","USD",7229231,0,7229231,13351897,0,13351897,"USD",7229231,0,7229231,13351897,0,13351897,"1","1","0","0","0"
"Adveq Fund of Funds II","Underlying 6",5.22,"Company 80","2009","30/09/2009","ES","ES","328 Industrial Products","315 Taiwan","31/03/2015","USD",2189362,31000,2220362,2676558,51549,2728107,"USD",2189362,31000,2220362,2676558,51549,2728107,"1","1","0","0","0"
"Adveq Fund of Funds II","Underlying 6",5.22,"Company 81","2011","31/03/2011","ES","ES","433 Solar","3 Asia Pacific","31/03/2015","USD",7850000,0,7850000,8144893,0,8144893,"USD",7850000,0,7850000,8144893,0,8144893,"1","1","0","0","0"
"Adveq Fund of Funds II","Underlying 6",5.22,"Company 82","2011","30/09/2011","ES","ES","12 Electronics / Computer Hardware (EC)","113 U.S. North East","31/03/2015","USD",24962007,0,24962007,28875393,0,28875393,"USD",24962007,0,24962007,28875393,0,28875393,"1","1","0","0","0"
"Adveq Fund of Funds II","Underlying 6",5.22,"Company 83","2010","31/12/2010","ES","ES","12 Electronics / Computer Hardware (EC)","111 U.S. California","31/03/2015","USD",7490764,0,7490764,14265161,0,14265161,"USD",7490764,0,7490764,14265161,0,14265161,"1","1","0","0","0"
"Adveq Fund of Funds II","Underlying 6",5.22,"Company 84","2009","31/12/2009","ES","ES","153 Information Providers","312 China","31/03/2015","USD",1980000,0,1980000,0,0,0,"USD",1980000,0,1980000,0,0,0,"1","1","0","0","0"
"Adveq Fund of Funds II","Underlying 6",5.22,"Company 85","2010","30/06/2010","ES","ES","334 Financial Institutions and Services","111 U.S. California","31/03/2015","USD",7969890,0,7969890,21244984,0,21244984,"USD",7969890,0,7969890,21244984,0,21244984,"1","1","0","0","0"
"Adveq Fund of Funds II","Underlying 6",5.22,"Company 86","2011","30/06/2011","ES","ES","155 Other Online Services","312 China","31/03/2015","USD",6272000,0,6272000,7819531,0,7819531,"USD",6272000,0,6272000,7819531,0,7819531,"1","1","0","0","0"
"Adveq Fund of Funds II","Underlying 6",5.22,"Company 87","2011","30/06/2011","ES","ES","315 Speciality Retailers","315 Taiwan","31/03/2015","USD",4083617,0,4083617,3781373,0,3781373,"USD",4083617,0,4083617,3781373,0,3781373,"1","1","0","0","0"
"Adveq Fund of Funds II","Underlying 6",5.22,"Company 88","2009","31/12/2009","FU","FU","46 Other","312 China","31/03/2015","USD",31338884,0,31338884,70991863,0,70991863,"USD",31338884,0,31338884,70991863,0,70991863,"1","1","0","0","0"
"Adveq Fund of Funds II","Underlying 6",5.22,"Company 89","2009","31/12/2009","ES","ES","152 Data-Management Services","312 China","31/03/2015","USD",0,7456653,7456653,0,0,0,"USD",0,7456653,7456653,0,0,0,"1","0","0","0","1"
"Adveq Fund of Funds II","Underlying 6",5.22,"Company 90","2009","31/12/2009","ES","ES","155 Other Online Services","312 China","31/03/2015","USD",1285973,7539123,8825096,0,14785909,14785909,"USD",1285973,7539123,8825096,0,14785909,14785909,"1","1","0","0","0"
"Adveq Fund of Funds II","Underlying 6",5.22,"Company 91","2009","30/06/2009","ES","ES","334 Financial Institutions and Services","312 China","31/03/2015","USD",1518067,0,1518067,1735000,0,1735000,"USD",1518067,0,1518067,1735000,0,1735000,"1","1","0","0","0"
"Adveq Fund of Funds II","Underlying 6",5.22,"Company 92","2010","30/06/2010","ES","ES","313 Electronic Commerce","312 China","31/03/2015","USD",0,34151556,34151556,0,0,0,"USD",0,34151556,34151556,0,0,0,"1","0","0","0","1"
"Adveq Fund of Funds II","Underlying 6",5.22,"Company 93","2010","31/12/2010","ES","LS","13 Semiconductors (SC)","312 China","31/03/2015","USD",19743700,0,19743700,65236689,0,65236689,"USD",19743700,0,19743700,65236689,0,65236689,"1","1","0","0","0"
"Adveq Fund of Funds II","Underlying 6",5.22,"Company 94","2009","30/06/2009","DC","PU","313 Electronic Commerce","312 China","31/03/2015","USD",20283376,0,20283376,43491579,0,43491579,"USD",20283376,0,20283376,43491579,0,43491579,"1","0","1","0","0"
"Adveq Fund of Funds II","Underlying 6",5.22,"Company 95","2011","30/09/2011","ES","ES","328 Industrial Products","114 U.S. Mid West","31/03/2015","USD",4939000,0,4939000,5955120,0,5955120,"USD",4939000,0,4939000,5955120,0,5955120,"1","1","0","0","0"
"Adveq Fund of Funds II","Underlying 6",5.22,"Company 96","2010","30/09/2010","DC","DC","334 Financial Institutions and Services","312 China","31/03/2015","USD",2205880,0,2205880,2301031,0,2301031,"USD",2205880,0,2205880,2301031,0,2301031,"1","1","0","0","0"
"Adveq Fund of Funds II","Underlying 6",5.22,"Company 97","2011","31/03/2011","ES","ES","14 Software (SW)","312 China","31/03/2015","USD",2940000,0,2940000,3143278,0,3143278,"USD",2940000,0,2940000,3143278,0,3143278,"1","1","0","0","0"
"Adveq Fund of Funds II","Underlying 6",5.22,"Company 98","2011","30/09/2011","SS","SS","11 Communications / Networking (CN)","312 China","31/03/2015","USD",3450000,0,3450000,3493128,0,3493128,"USD",3450000,0,3450000,3493128,0,3493128,"1","1","0","0","0"
"Adveq Fund of Funds II","Underlying 6",5.22,"Company 99","2009","31/12/2009","ES","ES","14 Software (SW)","111 U.S. California","31/03/2015","USD",0,900001,900001,0,1537729,1537729,"USD",0,900001,900001,0,1537729,1537729,"1","0","0","1","0"
"Adveq Fund of Funds II","Underlying 6",5.22,"Company 100","2012","30/09/2012","ES","ES","155 Other Online Services","312 China","31/03/2015","USD",5080000,0,5080000,18786698,0,18786698,"USD",5080000,0,5080000,18786698,0,18786698,"1","1","0","0","0"
"Adveq Fund of Funds II","Underlying 6",5.22,"Company 101","2011","30/09/2011","ES","LS","14 Software (SW)","312 China","31/03/2015","USD",5582026,0,5582026,15948124,0,15948124,"USD",5582026,0,5582026,15948124,0,15948124,"1","1","0","0","0"
"Adveq Fund of Funds II","Underlying 6",5.22,"Company 102","2011","30/06/2011","ES","ES","155 Other Online Services","312 China","31/03/2015","USD",5429999,0,5429999,4982743,0,4982743,"USD",5429999,0,5429999,4982743,0,4982743,"1","1","0","0","0"
"Adveq Fund of Funds II","Underlying 6",5.22,"Company 103","2010","31/12/2010","ES","ES","14 Software (SW)","312 China","31/03/2015","USD",0,1029129,1029129,0,0,0,"USD",0,1029129,1029129,0,0,0,"1","0","0","0","1"
"Adveq Fund of Funds II","Underlying 6",5.22,"Company 104","2009","30/09/2009","ES","ES","328 Industrial Products","111 U.S. California","31/03/2015","USD",15510601,620384,16130985,19265312,0,19265312,"USD",15510601,620384,16130985,19265312,0,19265312,"1","1","0","0","0"
"Adveq Fund of Funds II","Underlying 6",5.22,"Company 105","2010","31/12/2010","ES","ES","12 Electronics / Computer Hardware (EC)","312 China","31/03/2015","USD",6403806,0,6403806,6846579,0,6846579,"USD",6403806,0,6403806,6846579,0,6846579,"1","1","0","0","0"
"Adveq Fund of Funds II","Underlying 6",5.22,"Company 106","2009","31/12/2009","ES","LS","327 Consumer Products","312 China","31/03/2015","USD",17704000,0,17704000,37816180,0,37816180,"USD",17704000,0,17704000,37816180,0,37816180,"1","1","0","0","0"
"Adveq Fund of Funds II","Underlying 6",5.22,"Company 107","2011","30/09/2011","SS","SS","12 Electronics / Computer Hardware (EC)","312 China","31/03/2015","USD",7710000,0,7710000,8277695,0,8277695,"USD",7710000,0,7710000,8277695,0,8277695,"1","1","0","0","0"
"Adveq Fund of Funds II","Underlying 6",5.22,"Company 108","2010","31/12/2010","ES","ES","327 Consumer Products","312 China","31/03/2015","USD",28253820,0,28253820,31482024,0,31482024,"USD",28253820,0,28253820,31482024,0,31482024,"1","1","0","0","0"
"Adveq Fund of Funds II","Underlying 6",5.22,"Company 109","2011","31/03/2011","ES","ES","12 Electronics / Computer Hardware (EC)","312 China","31/03/2015","USD",0,9408001,9408001,0,12677999,12677999,"USD",0,9408001,9408001,0,12677999,12677999,"1","0","0","1","0"
"Adveq Fund of Funds II","Underlying 6",5.22,"Company 110","2010","30/06/2010","LS","DC","313 Electronic Commerce","312 China","31/03/2015","USD",0,22824269,22824269,1,4143765,4143766,"USD",0,22824269,22824269,1,4143765,4143766,"1","0","0","1","0"
"Adveq Fund of Funds II","Underlying 6",5.22,"Company 111","2010","30/09/2010","ES","ES","313 Electronic Commerce","312 China","31/03/2015","USD",2525842,0,2525842,0,0,0,"USD",2525842,0,2525842,0,0,0,"1","1","0","0","0"
"Adveq Fund of Funds II","Underlying 6",5.22,"Company 112","2012","31/03/2012","ES","ES","12 Electronics / Computer Hardware (EC)","312 China","31/03/2015","USD",5144467,0,5144467,61343662,0,61343662,"USD",5144467,0,5144467,61343662,0,61343662,"1","1","0","0","0"
"Adveq Fund of Funds II","Underlying 6",5.22,"Company 113","2009","31/03/2009","ES","ES","155 Other Online Services","312 China","31/03/2015","USD",0,3250000,3250000,0,0,0,"USD",0,3250000,3250000,0,0,0,"1","0","0","0","1"
"Adveq Fund of Funds II","Underlying 6",5.22,"Company 114","2011","31/12/2011","ES","ES","11 Communications / Networking (CN)","113 U.S. North East","31/03/2015","USD",6034056,0,6034056,6164092,0,6164092,"USD",6034056,0,6034056,6164092,0,6164092,"1","1","0","0","0"
"Adveq Fund of Funds II","Underlying 7",2.83,"Company 115","2014","31/12/2014","SS","SS","313 Electronic Commerce","312 China","31/03/2015","USD",622720,0,622720,622720,0,622720,"USD",622720,0,622720,622720,0,622720,"1","1","0","0","0"
"Adveq Fund of Funds II","Underlying 7",2.83,"Company 116","2014","30/09/2014","LS","LS","316 Restaurants and Food-Service","312 China","31/03/2015","USD",2432500,0,2432500,2458697,0,2458697,"USD",2432500,0,2432500,2458697,0,2458697,"1","1","0","0","0"
"Adveq Fund of Funds II","Underlying 7",2.83,"Company 117","2014","30/06/2014","PU","PU","11 Communications / Networking (CN)","116 U.S. South East","31/03/2015","USD",9730000,0,9730000,7948973,0,7948973,"USD",9730000,0,9730000,7948973,0,7948973,"1","0","1","0","0"
"Adveq Fund of Funds II","Underlying 7",2.83,"Company 118","2013","30/06/2013","ES","ES","49 Oil & Gas","116 U.S. South East","31/03/2015","USD",9730000,0,9730000,9730000,0,9730000,"USD",9730000,0,9730000,9730000,0,9730000,"1","1","0","0","0"
"Adveq Fund of Funds II","Underlying 7",2.83,"Company 119","2014","31/03/2014","ES","ES","14 Software (SW)","111 U.S. California","31/03/2015","USD",486500,0,486500,1,0,1,"USD",486500,0,486500,1,0,1,"1","1","0","0","0"
"Adveq Fund of Funds II","Underlying 7",2.83,"Company 120","2014","30/09/2014","ES","ES","43 Energy","111 U.S. California","31/03/2015","USD",3405774,0,3405774,3478774,0,3478774,"USD",3405774,0,3405774,3478774,0,3478774,"1","1","0","0","0"
"Adveq Fund of Funds II","Underlying 7",2.83,"Company 121","2014","31/12/2014","SS","SS","431 Traditional Energy","312 China","31/03/2015","USD",486500,0,486500,486500,0,486500,"USD",486500,0,486500,486500,0,486500,"1","1","0","0","0"
"Adveq Fund of Funds II","Underlying 7",2.83,"Company 122","2014","31/12/2014","ES","ES","155 Other Online Services","312 China","31/03/2015","USD",2919000,0,2919000,2985641,0,2985641,"USD",2919000,0,2919000,2985641,0,2985641,"1","1","0","0","0"
"Adveq Fund of Funds II","Underlying 7",2.83,"Company 123","2014","31/03/2014","ES","ES","155 Other Online Services","312 China","31/03/2015","USD",0,973000,973000,0,1025642,1025642,"USD",0,973000,973000,0,1025642,1025642,"1","0","0","1","0"
"Adveq Fund of Funds II","Underlying 7",2.83,"Company 124","2014","30/09/2014","ES","ES","154 Online Publications and Content Provider","312 China","31/03/2015","USD",3892000,0,3892000,4055713,0,4055713,"USD",3892000,0,3892000,4055713,0,4055713,"1","1","0","0","0"
"Adveq Fund of Funds II","Underlying 7",2.83,"Company 125","2013","30/09/2013","ES","ES","14 Software (SW)","312 China","31/03/2015","USD",1296052,0,1296052,1283566,0,1283566,"USD",1296052,0,1296052,1283566,0,1283566,"1","1","0","0","0"
"Adveq Fund of Funds II","Underlying 7",2.83,"Company 126","2012","31/12/2012","SS","ES","15 Information Services (IS)","312 China","31/03/2015","USD",7297500,0,7297500,421940645,0,421940645,"USD",7297500,0,7297500,421940645,0,421940645,"1","1","0","0","0"
"Adveq Fund of Funds II","Underlying 7",2.83,"Company 82","2011","30/09/2011","ES","ES","12 Electronics / Computer Hardware (EC)","113 U.S. North East","31/03/2015","USD",24408280,0,24408280,28252851,0,28252851,"USD",24408280,0,24408280,28252851,0,28252851,"1","1","0","0","0"
"Adveq Fund of Funds II","Underlying 7",2.83,"Company 127","2013","31/12/2013","SS","SS","15 Information Services (IS)","312 China","31/03/2015","USD",3892000,0,3892000,3957429,0,3957429,"USD",3892000,0,3892000,3957429,0,3957429,"1","1","0","0","0"
"Adveq Fund of Funds II","Underlying 7",2.83,"Company 128","2013","30/06/2013","ES","ES","331 Business Services","312 China","31/03/2015","USD",2457173,461834,2919007,3214627,0,3214627,"USD",2457173,461834,2919007,3214627,0,3214627,"1","1","0","0","0"
"Adveq Fund of Funds II","Underlying 7",2.83,"Company 129","2014","30/09/2014","ES","ES","15 Information Services (IS)","111 U.S. California","31/03/2015","USD",487936,0,487936,983928,0,983928,"USD",487936,0,487936,983928,0,983928,"1","1","0","0","0"
"Adveq Fund of Funds II","Underlying 7",2.83,"Company 130","2014","30/09/2014","LS","LS","155 Other Online Services","312 China","31/03/2015","USD",3892000,0,3892000,3027136,0,3027136,"USD",3892000,0,3892000,3027136,0,3027136,"1","1","0","0","0"
"Adveq Fund of Funds II","Underlying 7",2.83,"Company 131","2011","31/12/2011","ES","ES","155 Other Online Services","312 China","31/03/2015","USD",15939501,0,15939501,121739972,0,121739972,"USD",15939501,0,15939501,121739972,0,121739972,"1","1","0","0","0"
"Adveq Fund of Funds II","Underlying 7",2.83,"Company 132","2014","31/12/2014","SS","SS","14 Software (SW)","312 China","31/03/2015","USD",291897,0,291897,293232,0,293232,"USD",291897,0,291897,293232,0,293232,"1","1","0","0","0"
"Adveq Fund of Funds II","Underlying 7",2.83,"Company 133","2013","30/09/2013","ES","ES","324 Vehicle and Components Manufacturers","111 U.S. California","31/03/2015","USD",15458934,0,15458934,15876335,0,15876335,"USD",15458934,0,15458934,15876335,0,15876335,"1","1","0","0","0"
"Adveq Fund of Funds II","Underlying 7",2.83,"Company 134","2013","30/06/2013","ES","ES","12 Electronics / Computer Hardware (EC)","315 Taiwan","31/03/2015","USD",1982345,0,1982345,1881348,0,1881348,"USD",1982345,0,1982345,1881348,0,1881348,"1","1","0","0","0"
"Adveq Fund of Funds II","Underlying 7",2.83,"Company 135","2015","31/03/2015","ES","ES","43 Energy","312 China","31/03/2015","USD",973000,0,973000,973000,0,973000,"USD",973000,0,973000,973000,0,973000,"1","1","0","0","0"
"Adveq Fund of Funds II","Underlying 7",2.83,"Company 136","2012","30/06/2012","SS","SS","155 Other Online Services","312 China","31/03/2015","USD",15081500,0,15081500,14305733,0,14305733,"USD",15081500,0,15081500,14305733,0,14305733,"1","1","0","0","0"
"Adveq Fund of Funds II","Underlying 7",2.83,"Company 137","2014","31/03/2014",NA,"LS","43 Energy","113 U.S. North East","31/03/2015","USD",9730000,0,9730000,9730000,0,9730000,"USD",9730000,0,9730000,9730000,0,9730000,"1","1","0","0","0"
"Adveq Fund of Funds II","Underlying 7",2.83,"Company 138","2014","30/09/2014","LS","LS","11 Communications / Networking (CN)","312 China","31/03/2015","USD",973000,0,973000,973000,0,973000,"USD",973000,0,973000,973000,0,973000,"1","1","0","0","0"
"Adveq Fund of Funds II","Underlying 7",2.83,"Company 139","2014","30/06/2014","ES","ES","11 Communications / Networking (CN)","111 U.S. California","31/03/2015","USD",243250,0,243250,243250,0,243250,"USD",243250,0,243250,243250,0,243250,"1","1","0","0","0"
"Adveq Fund of Funds II","Underlying 7",2.83,"Company 140","2012","31/03/2012","FU","FU","334 Financial Institutions and Services","312 China","31/03/2015","USD",11927351,0,11927351,12107972,0,12107972,"USD",11927351,0,11927351,12107972,0,12107972,"1","1","0","0","0"
"Adveq Fund of Funds II","Underlying 7",2.83,"Company 141","2013","30/09/2013","ES","ES","42 Agriculture","113 U.S. North East","31/03/2015","USD",5615459,0,5615459,5865753,0,5865753,"USD",5615459,0,5615459,5865753,0,5865753,"1","1","0","0","0"
"Adveq Fund of Funds II","Underlying 7",2.83,"Company 142","2014","30/09/2014","LS","LS","332 Consumer Services","312 China","31/03/2015","USD",973000,0,973000,973000,0,973000,"USD",973000,0,973000,973000,0,973000,"1","1","0","0","0"
"Adveq Fund of Funds II","Underlying 7",2.83,"Company 143","2013","30/09/2013","ES","ES","153 Information Providers","317 Other - Asia Pacific","31/03/2015","USD",9480869,0,9480869,10760347,0,10760347,"USD",9480869,0,9480869,10760347,0,10760347,"1","1","0","0","0"
"Adveq Fund of Funds II","Underlying 7",2.83,"Company 144","2014","30/09/2014","ES","ES","15 Information Services (IS)","312 China","31/03/2015","USD",2335200,0,2335200,2449966,0,2449966,"USD",2335200,0,2335200,2449966,0,2449966,"1","1","0","0","0"
"Adveq Fund of Funds II","Underlying 7",2.83,"Company 145","2013","30/06/2013","ES","ES","24 Medical Devices and Equipment (MDE)","113 U.S. North East","31/03/2015","USD",6956950,0,6956950,6956950,0,6956950,"USD",6956950,0,6956950,6956950,0,6956950,"1","1","0","0","0"
"Adveq Fund of Funds II","Underlying 7",2.83,"Company 146","2013","31/12/2013","SS","SS","15 Information Services (IS)","312 China","31/03/2015","USD",486500,0,486500,486500,0,486500,"USD",486500,0,486500,486500,0,486500,"1","1","0","0","0"
"Adveq Fund of Funds II","Underlying 7",2.83,"Company 147","2014","31/12/2014","SS","SS","324 Vehicle and Components Manufacturers","312 China","31/03/2015","USD",973000,0,973000,973000,0,973000,"USD",973000,0,973000,973000,0,973000,"1","1","0","0","0"
"Adveq Fund of Funds II","Underlying 7",2.83,"Company 148","2012","30/06/2012","ES","ES","12 Electronics / Computer Hardware (EC)","113 U.S. North East","31/03/2015","USD",19012139,0,19012139,21150012,0,21150012,"USD",19012139,0,19012139,21150012,0,21150012,"1","1","0","0","0"
"Adveq Fund of Funds II","Underlying 7",2.83,"Company 149","2014","30/09/2014","LS","LS","22 Medical Information Systems (MIS)","312 China","31/03/2015","USD",3405500,0,3405500,3457647,0,3457647,"USD",3405500,0,3405500,3457647,0,3457647,"1","1","0","0","0"
"Adveq Fund of Funds II","Underlying 7",2.83,"Company 150","2014","30/06/2014","PU","PU","14 Software (SW)","113 U.S. North East","31/03/2015","USD",3892000,0,3892000,6164955,0,6164955,"USD",3892000,0,3892000,6164955,0,6164955,"1","0","1","0","0"
"Adveq Fund of Funds II","Underlying 7",2.83,"Company 151","2014","31/12/2014","SS","SS","15 Information Services (IS)","312 China","31/03/2015","USD",486500,0,486500,486500,0,486500,"USD",486500,0,486500,486500,0,486500,"1","1","0","0","0"
"Adveq Fund of Funds II","Underlying 7",2.83,"Company 152","2013","30/09/2013","ES","ES","12 Electronics / Computer Hardware (EC)","312 China","31/03/2015","USD",3794700,0,3794700,3948300,0,3948300,"USD",3794700,0,3794700,3948300,0,3948300,"1","1","0","0","0"
"Adveq Fund of Funds II","Underlying 7",2.83,"Company 153","2013","31/12/2013","SS","SS","15 Information Services (IS)","312 China","31/03/2015","USD",2432500,0,2432500,2507439,0,2507439,"USD",2432500,0,2432500,2507439,0,2507439,"1","1","0","0","0"
"Adveq Fund of Funds II","Underlying 7",2.83,"Company 154","2014","31/12/2014","SS","SS","15 Information Services (IS)","312 China","31/03/2015","USD",973000,0,973000,973000,0,973000,"USD",973000,0,973000,973000,0,973000,"1","1","0","0","0"
"Adveq Fund of Funds II","Underlying 7",2.83,"Company 155","2011","31/12/2011","ES","ES","11 Communications / Networking (CN)","312 China","31/03/2015","USD",5778000,0,5778000,13277261,0,13277261,"USD",5778000,0,5778000,13277261,0,13277261,"1","1","0","0","0"
"Adveq Fund of Funds II","Underlying 7",2.83,"Company 156","2013","31/03/2013","ES","ES","324 Vehicle and Components Manufacturers","116 U.S. South East","31/03/2015","USD",3543451,0,3543451,4503241,0,4503241,"USD",3543451,0,3543451,4503241,0,4503241,"1","1","0","0","0"
"Adveq Fund of Funds II","Underlying 7",2.83,"Company 157","2014","31/12/2014","ES","ES","313 Electronic Commerce","312 China","31/03/2015","USD",486500,0,486500,486500,0,486500,"USD",486500,0,486500,486500,0,486500,"1","1","0","0","0"
"Adveq Fund of Funds II","Underlying 7",2.83,"Company 158","2014","30/09/2014","LS","LS","332 Consumer Services","312 China","31/03/2015","USD",3803546,0,3803546,3328298,0,3328298,"USD",3803546,0,3803546,3328298,0,3328298,"1","1","0","0","0"
"Adveq Fund of Funds II","Underlying 7",2.83,"Company 159","2014","30/06/2014","ES","ES","14 Software (SW)","312 China","31/03/2015","USD",3401608,0,3401608,11375910,0,11375910,"USD",3401608,0,3401608,11375910,0,11375910,"1","1","0","0","0"
"Adveq Fund of Funds II","Underlying 7",2.83,"Company 160","2014","31/12/2014","ES","ES","154 Online Publications and Content Provider","312 China","31/03/2015","USD",2919000,0,2919000,2974172,0,2974172,"USD",2919000,0,2919000,2974172,0,2974172,"1","1","0","0","0"
"Adveq Fund of Funds II","Underlying 7",2.83,"Company 161","2012","30/06/2012","ES","ES","155 Other Online Services","312 China","31/03/2015","USD",10508412,0,10508412,12656341,0,12656341,"USD",10508412,0,10508412,12656341,0,12656341,"1","1","0","0","0"
"Adveq Fund of Funds II","Underlying 7",2.83,"Company 162","2013","30/09/2013","ES","ES","14 Software (SW)","312 China","31/03/2015","USD",1426385,0,1426385,1126890,0,1126890,"USD",1426385,0,1426385,1126890,0,1126890,"1","1","0","0","0"
"Adveq Fund of Funds II","Underlying 7",2.83,"Company 163","2015","31/03/2015","ES","ES","33 Consumer and Business Services","312 China","31/03/2015","USD",561346,0,561346,561346,0,561346,"USD",561346,0,561346,561346,0,561346,"1","1","0","0","0"
"Adveq Fund of Funds II","Underlying 7",2.83,"Company 164","2015","31/03/2015","ES","ES","12 Electronics / Computer Hardware (EC)","312 China","31/03/2015","USD",486500,0,486500,486500,0,486500,"USD",486500,0,486500,486500,0,486500,"1","1","0","0","0"
"Adveq Fund of Funds II","Underlying 8",0.72,"Company 165","2012","31/03/2012","DC","DC","331 Business Services","312 China","31/03/2015","USD",68439122,0,68439122,73258358,0,73258358,"USD",68439122,0,68439122,73258358,0,73258358,"1","1","0","0","0"
"Adveq Fund of Funds II","Underlying 8",0.72,"Company 166","2010","31/12/2010","PU","PU","24 Medical Devices and Equipment (MDE)","111 U.S. California","31/03/2015","USD",145386886,75816680,221203566,110318838,85058983,195377821,"USD",145386886,75816680,221203566,110318838,85058983,195377821,"1","0","1","0","0"
"Adveq Fund of Funds II","Underlying 8",0.72,"Company 167","2010","30/06/2010","DC","PU","43 Energy","312 China","31/03/2015","USD",0,41056000,41056000,0,79409326,79409326,"USD",0,41056000,41056000,0,79409326,79409326,"1","0","0","1","0"
"Adveq Fund of Funds II","Underlying 8",0.72,"Company 168","2010","31/12/2010","PU","PU","33 Consumer and Business Services","312 China","31/03/2015","USD",231249470,54121579,285371049,279515411,67962916,347478327,"USD",231249470,54121579,285371049,279515411,67962916,347478327,"1","0","1","0","0"
"Adveq Fund of Funds II","Underlying 8",0.72,"Company 169","2011","30/06/2011","PU","PU","14 Software (SW)","312 China","31/03/2015","USD",79577462,0,79577462,136980653,0,136980653,"USD",79577462,0,79577462,136980653,0,136980653,"1","0","1","0","0"
"Adveq Fund of Funds II","Underlying 8",0.72,"Company 170","2008","30/09/2008","DC","DC","321 Constructions Products","243 Italy","31/03/2015","USD",0,43336670,43336670,0,62655608,62655608,"USD",0,43336670,43336670,0,62655608,62655608,"1","0","0","1","0"
"Adveq Fund of Funds II","Underlying 8",0.72,"Company 171","2010","30/06/2010","DC","DC","23 Biopharmaceuticals (BPH)","312 China","31/03/2015","USD",0,17625423,17625423,0,72665165,72665165,"USD",0,17625423,17625423,0,72665165,72665165,"1","0","0","1","0"
"Adveq Fund of Funds II","Underlying 8",0.72,"Company 172","2012","31/03/2012","DC","DC","24 Medical Devices and Equipment (MDE)","312 China","31/03/2015","USD",44103517,0,44103517,48368543,0,48368543,"USD",44103517,0,44103517,48368543,0,48368543,"1","1","0","0","0"
"Adveq Fund of Funds II","Underlying 8",0.72,"Company 173","2011","30/09/2011","PU","PU","331 Business Services","312 China","31/03/2015","USD",8e+07,0,8e+07,107552896,15093000,122645896,"USD",8e+07,0,8e+07,107552896,15093000,122645896,"1","0","1","0","0"
"Adveq Fund of Funds II","Underlying 8",0.72,"Company 174","2011","30/09/2011","PU","PU","11 Communications / Networking (CN)","316 Hong Kong","31/03/2015","USD",81931424,0,81931424,87512465,0,87512465,"USD",81931424,0,81931424,87512465,0,87512465,"1","0","1","0","0"
"Adveq Fund of Funds II","Underlying 8",0.72,"Company 175","2010","30/06/2010","DC","DC","324 Vehicle and Components Manufacturers","312 China","31/03/2015","USD",2e+07,0,2e+07,51159925,2153247,53313172,"USD",2e+07,0,2e+07,51159925,2153247,53313172,"1","1","0","0","0"
"Adveq Fund of Funds II","Underlying 8",0.72,"Company 176","2011","30/06/2011","DC","PU","334 Financial Institutions and Services","312 China","31/03/2015","USD",20378186,0,20378186,25892841,367794,26260635,"USD",20378186,0,20378186,25892841,367794,26260635,"1","0","1","0","0"
"Adveq Fund of Funds II","Underlying 8",0.72,"Company 177","2010","31/12/2010","DC","DC","323 Food Products","312 China","31/03/2015","USD",0,9754633,9754633,0,11412038,11412038,"USD",0,9754633,9754633,0,11412038,11412038,"1","0","0","1","0"
"Adveq Fund of Funds II","Underlying 8",0.72,"Company 178","2009","31/12/2009","PU","PU","324 Vehicle and Components Manufacturers","312 China","31/03/2015","USD",0,27720942,27720942,0,53474353,53474353,"USD",0,27720942,27720942,0,53474353,53474353,"1","0","0","1","0"
"Adveq Fund of Funds II","Underlying 8",0.72,"Company 179","2012","31/03/2012","DC","DC","334 Financial Institutions and Services","312 China","31/03/2015","USD",154800000,0,154800000,154800000,0,154800000,"USD",154800000,0,154800000,154800000,0,154800000,"1","1","0","0","0"
"Adveq Fund of Funds II","Underlying 8",0.72,"Company 180","2012","31/03/2012","DC","DC","48 Metals & Mining","433 East Africa","31/03/2015","USD",3e+07,1e+07,4e+07,1.8e+07,1e+07,2.8e+07,"USD",3e+07,1e+07,4e+07,1.8e+07,1e+07,2.8e+07,"1","1","0","0","0"
"Adveq Fund of Funds II","Underlying 8",0.72,"Company 181","2011","30/09/2011","PU","PU","331 Business Services","311 Japan","31/03/2015","USD",40617080,0,40617080,42201403,2370509,44571912,"USD",40617080,0,40617080,42201403,2370509,44571912,"1","0","1","0","0"
"Adveq Fund of Funds II","Underlying 8",0.72,"Company 182","2010","30/06/2010","PU","PU","31 Retailers","312 China","31/03/2015","USD",7051282,0,7051282,3623785,615411,4239196,"USD",7051282,0,7051282,3623785,615411,4239196,"1","0","1","0","0"
"Adveq Fund of Funds II","Underlying 8",0.72,"Company 183","2008","30/09/2008","DC","DC","328 Industrial Products","312 China","31/03/2015","USD",61414876,0,61414876,61414876,0,61414876,"USD",61414876,0,61414876,61414876,0,61414876,"1","1","0","0","0"
"Adveq Fund of Funds II","Underlying 8",0.72,"Company 184","2010","30/06/2010","DC","DC","43 Energy","312 China","31/03/2015","USD",45072704,0,45072704,45072704,7799089,52871793,"USD",45072704,0,45072704,45072704,7799089,52871793,"1","1","0","0","0"
"Adveq Fund of Funds II","Underlying 9",3.32,"Company 185","2012","30/09/2012","ES","ES","327 Consumer Products","314 India","31/03/2015","USD",3973426,0,3973426,5566801,0,5566801,"USD",3973426,0,3973426,5566801,0,5566801,"1","1","0","0","0"
"Adveq Fund of Funds II","Underlying 9",3.32,"Company 186","2012","30/09/2012","ES","LS","14 Software (SW)","314 India","31/03/2015","USD",6e+06,0,6e+06,1,0,1,"USD",6e+06,0,6e+06,1,0,1,"1","1","0","0","0"
"Adveq Fund of Funds II","Underlying 9",3.32,"Company 187","2012","30/09/2012","ES","ES","12 Electronics / Computer Hardware (EC)","314 India","31/03/2015","USD",10383934,0,10383934,1486159,0,1486159,"USD",10383934,0,10383934,1486159,0,1486159,"1","1","0","0","0"
"Adveq Fund of Funds II","Underlying 9",3.32,"Company 188","2012","30/09/2012","ES","ES","14 Software (SW)","314 India","31/03/2015","USD",6359006,0,6359006,5797178,0,5797178,"USD",6359006,0,6359006,5797178,0,5797178,"1","1","0","0","0"
"Adveq Fund of Funds II","Underlying 9",3.32,"Company 189","2012","30/09/2012","ES","LS","315 Speciality Retailers","314 India","31/03/2015","USD",10290207,0,10290207,24867960,0,24867960,"USD",10290207,0,10290207,24867960,0,24867960,"1","1","0","0","0"
"Adveq Fund of Funds II","Underlying 9",3.32,"Company 5","2014","30/06/2014","LS","LS","155 Other Online Services","314 India","31/03/2015","USD",24495932,5166913,29662845,74854311,15000042,89854353,"USD",24495932,5166913,29662845,74854311,15000042,89854353,"1","1","0","0","0"
"Adveq Fund of Funds II","Underlying 9",3.32,"Company 190","2012","30/09/2012","ES","ES","24 Medical Devices and Equipment (MDE)","314 India","31/03/2015","USD",4482242,0,4482242,5472855,0,5472855,"USD",4482242,0,4482242,5472855,0,5472855,"1","1","0","0","0"
"Adveq Fund of Funds II","Underlying 9",3.32,"Company 191","2012","30/09/2012","ES","ES","14 Software (SW)","314 India","31/03/2015","USD",8782308,0,8782308,7599525,0,7599525,"USD",8782308,0,8782308,7599525,0,7599525,"1","1","0","0","0"
"Adveq Fund of Funds II","Underlying 9",3.32,"Company 192","2012","30/09/2012","ES","ES","14 Software (SW)","314 India","31/03/2015","USD",0,3396736,3396736,0,3e+06,3e+06,"USD",0,3396736,3396736,0,3e+06,3e+06,"1","0","0","1","0"
"Adveq Fund of Funds II","Underlying 9",3.32,"Company 193","2012","30/09/2012","LS","LS","14 Software (SW)","314 India","31/03/2015","USD",0,7382150,7382150,0,16007401,16007401,"USD",0,7382150,7382150,0,16007401,16007401,"1","0","0","1","0"
"Adveq Fund of Funds II","Underlying 9",3.32,"Company 13","2012","30/09/2012","ES","LS","311 Apparel and Accessory Retailers","314 India","31/03/2015","USD",0,26887534,26887534,0,39662825,39662825,"USD",0,26887534,26887534,0,39662825,39662825,"1","0","0","1","0"
"Adveq Fund of Funds II","Underlying 9",3.32,"Company 194","2012","30/09/2012","ES","ES","11 Communications / Networking (CN)","314 India","31/03/2015","USD",4566078,0,4566078,5605025,0,5605025,"USD",4566078,0,4566078,5605025,0,5605025,"1","1","0","0","0"
"Adveq Fund of Funds II","Underlying 9",3.32,"Company 195","2012","30/09/2012","ES","ES","24 Medical Devices and Equipment (MDE)","314 India","31/03/2015","USD",21859862,0,21859862,27434446,0,27434446,"USD",21859862,0,21859862,27434446,0,27434446,"1","1","0","0","0"
"Adveq Fund of Funds II","Underlying 9",3.32,"Company 196","2012","30/09/2012","ES","LS","12 Electronics / Computer Hardware (EC)","314 India","31/03/2015","USD",0,5e+06,5e+06,0,3250000,3250000,"USD",0,5e+06,5e+06,0,3250000,3250000,"1","0","0","1","0"
"Adveq Fund of Funds II","Underlying 9",3.32,"Company 197","2012","30/09/2012","ES","ES","155 Other Online Services","314 India","31/03/2015","USD",10974284,0,10974284,30254506,0,30254506,"USD",10974284,0,10974284,30254506,0,30254506,"1","1","0","0","0"
"Adveq Fund of Funds II","Underlying 9",3.32,"Company 198","2012","30/09/2012","ES","ES","155 Other Online Services","314 India","31/03/2015","USD",5874017,0,5874017,6704299,0,6704299,"USD",5874017,0,5874017,6704299,0,6704299,"1","1","0","0","0"
"Adveq Fund of Funds II","Underlying 9",3.32,"Company 199","2012","30/09/2012","ES","ES","155 Other Online Services","314 India","31/03/2015","USD",4434456,0,4434456,8316397,0,8316397,"USD",4434456,0,4434456,8316397,0,8316397,"1","1","0","0","0"
"Adveq Fund of Funds II","Underlying 9",3.32,"Company 200","2012","30/09/2012","ES","ES","14 Software (SW)","314 India","31/03/2015","USD",13600082,0,13600082,30998682,0,30998682,"USD",13600082,0,13600082,30998682,0,30998682,"1","1","0","0","0"
"Adveq Fund of Funds II","Underlying 10",3.33,"Company 201","2009","30/09/2009","PU","PU","311 Apparel and Accessory Retailers","312 China","31/03/2015","USD",7079614,22992268,30071882,5116437,42839702,47956139,"USD",7079614,22992268,30071882,5116437,42839702,47956139,"1","0","1","0","0"
"Adveq Fund of Funds II","Underlying 10",3.33,"Company 202","2010","31/03/2010","LS","LS","334 Financial Institutions and Services","312 China","31/03/2015","USD",38246000,0,38246000,54373342,0,54373342,"USD",38246000,0,38246000,54373342,0,54373342,"1","1","0","0","0"
"Adveq Fund of Funds II","Underlying 10",3.33,"Company 203","2009","31/12/2009","LS","LS","333 Educational and Training Services","312 China","31/03/2015","USD",22941600,0,22941600,35125283,0,35125283,"USD",22941600,0,22941600,35125283,0,35125283,"1","1","0","0","0"
"Adveq Fund of Funds II","Underlying 10",3.33,"Company 204","2011","31/12/2011","PU","PU","311 Apparel and Accessory Retailers","312 China","31/03/2015","USD",29358428,0,29358428,18440066,0,18440066,"USD",29358428,0,29358428,18440066,0,18440066,"1","0","1","0","0"
"Adveq Fund of Funds II","Underlying 10",3.33,"Company 205","2008","31/12/2008","LS","LS","326 Media and Publications","312 China","31/03/2015","USD",26808216,0,26808216,13000072,0,13000072,"USD",26808216,0,26808216,13000072,0,13000072,"1","1","0","0","0"
"Adveq Fund of Funds II","Underlying 10",3.33,"Company 206","2009","31/12/2009","FU","FU","46 Other","312 China","31/03/2015","USD",0,6342874,6342874,0,6342874,6342874,"USD",0,6342874,6342874,0,6342874,6342874,"1","0","0","1","0"
"Adveq Fund of Funds II","Underlying 10",3.33,"Company 207","2010","31/12/2010","LS","LS","43 Energy","312 China","31/03/2015","USD",48754035,0,48754035,53034776,0,53034776,"USD",48754035,0,48754035,53034776,0,53034776,"1","1","0","0","0"
"Adveq Fund of Funds II","Underlying 10",3.33,"Company 208","2010","31/12/2010","DC","DC","326 Media and Publications","111 U.S. California","31/03/2015","USD",43678247,0,43678247,115124071,0,115124071,"USD",43678247,0,43678247,115124071,0,115124071,"1","1","0","0","0"
"Adveq Fund of Funds II","Underlying 10",3.33,"Company 209","2010","30/06/2010","LS","DC","14 Software (SW)","312 China","31/03/2015","USD",21909893,7101672,29011565,97879480,18837516,116716996,"USD",21909893,7101672,29011565,97879480,18837516,116716996,"1","1","0","0","0"
"Adveq Fund of Funds II","Underlying 10",3.33,"Company 210","2011","31/12/2011","DC","PU","311 Apparel and Accessory Retailers","243 Italy","31/03/2015","USD",488274,89782112,90270386,386742,147994664,148381406,"USD",488274,89782112,90270386,386742,147994664,148381406,"1","0","1","0","0"
"Adveq Fund of Funds II","Underlying 10",3.33,"Company 211","2011","31/12/2011","DC","DC","315 Speciality Retailers","317 Other - Asia Pacific","31/03/2015","USD",10660278,0,10660278,50593962,0,50593962,"USD",10660278,0,10660278,50593962,0,50593962,"1","1","0","0","0"
"Adveq Fund of Funds II","Underlying 10",3.33,"Company 212","2011","31/12/2011","LS","LS","311 Apparel and Accessory Retailers","316 Hong Kong","31/03/2015","USD",0,2546835,2546835,0,579004,579004,"USD",0,2546835,2546835,0,579004,579004,"1","0","0","1","0"
"Adveq Fund of Funds II","Underlying 10",3.33,"Company 213","2011","31/12/2011","ES","ES","314 Food Retailing","312 China","31/03/2015","USD",97017653,0,97017653,171440657,0,171440657,"USD",97017653,0,97017653,171440657,0,171440657,"1","1","0","0","0"
"Adveq Fund of Funds II","Underlying 10",3.33,"Company 214","2011","31/12/2011","PU","PU","311 Apparel and Accessory Retailers","312 China","31/03/2015","USD",0,23827733,23827733,0,39394111,39394111,"USD",0,23827733,23827733,0,39394111,39394111,"1","0","0","1","0"
"Adveq Fund of Funds II","Underlying 10",3.33,"Company 215","2009","31/12/2009","LS","PU","43 Energy","312 China","31/03/2015","USD",60556499,0,60556499,140305677,0,140305677,"USD",60556499,0,60556499,140305677,0,140305677,"1","0","1","0","0"
"Adveq Fund of Funds II","Underlying 10",3.33,"Company 216","2010","31/03/2010","DC","PU","15 Information Services (IS)","312 China","31/03/2015","USD",14956161,33221199,48177360,49777650,141313691,191091341,"USD",14956161,33221199,48177360,49777650,141313691,191091341,"1","0","1","0","0"
"Adveq Fund of Funds II","Underlying 10",3.33,"Company 217","2010","31/12/2010","LS","LS","313 Electronic Commerce","312 China","31/03/2015","USD",42336013,0,42336013,11512729,0,11512729,"USD",42336013,0,42336013,11512729,0,11512729,"1","1","0","0","0"
"Adveq Fund of Funds II","Underlying 11",0.18,"Company 218","2011","30/09/2011","SS","SS","327 Consumer Products","312 China","31/03/2015","USD",2334500,0,2334500,2334500,0,2334500,"USD",2334500,0,2334500,2334500,0,2334500,"1","1","0","0","0"
"Adveq Fund of Funds II","Underlying 11",0.18,"Company 219","2012","31/12/2012","SS","SS","327 Consumer Products","231 Germany","31/03/2015","USD",3453537,0,3453537,3426395,0,3426395,"USD",3453537,0,3453537,3426395,0,3426395,"1","1","0","0","0"
"Adveq Fund of Funds II","Underlying 11",0.18,"Company 220","2011","30/09/2011","SS","SS","334 Financial Institutions and Services","317 Other - Asia Pacific","31/03/2015","USD",747040,8529007,9276047,747040,8529007,9276047,"USD",747040,8529007,9276047,747040,8529007,9276047,"1","1","0","0","0"
"Adveq Fund of Funds II","Underlying 11",0.18,"Company 221","2015","31/03/2015","PU","PU","14 Software (SW)","313 Australia","31/03/2015","USD",1647241,0,1647241,1120997,0,1120997,"USD",1647241,0,1647241,1120997,0,1120997,"1","0","1","0","0"
"Adveq Fund of Funds II","Underlying 11",0.18,"Company 222","2014","30/06/2014","ES","ES","15 Information Services (IS)","312 China","31/03/2015","USD",14298491,0,14298491,16587660,0,16587660,"USD",14298491,0,14298491,16587660,0,16587660,"1","1","0","0","0"
"Adveq Fund of Funds II","Underlying 11",0.18,"Company 223","2011","31/12/2011","ES","ES","14 Software (SW)","316 Hong Kong","31/03/2015","USD",1704716,3119542,4824258,746623,1647241,2393864,"USD",1704716,3119542,4824258,746623,1647241,2393864,"1","1","0","0","0"
"Adveq Fund of Funds II","Underlying 11",0.18,"Company 224","2014","31/03/2014","ES","ES","154 Online Publications and Content Provider","312 China","31/03/2015","USD",4669000,0,4669000,4669000,0,4669000,"USD",4669000,0,4669000,4669000,0,4669000,"1","1","0","0","0"
"Adveq Fund of Funds II","Underlying 11",0.18,"Company 225","2011","31/12/2011","ES","ES","323 Food Products","111 U.S. California","31/03/2015","USD",3735200,0,3735200,3735200,0,3735200,"USD",3735200,0,3735200,3735200,0,3735200,"1","1","0","0","0"
"Adveq Fund of Funds II","Underlying 11",0.18,"Company 226","2011","30/09/2011","ES","ES","14 Software (SW)","312 China","31/03/2015","USD",13669144,0,13669144,28150043,0,28150043,"USD",13669144,0,13669144,28150043,0,28150043,"1","1","0","0","0"
"Adveq Fund of Funds II","Underlying 11",0.18,"Company 227","2014","31/03/2014","ES","ES","15 Information Services (IS)","312 China","31/03/2015","USD",14077474,0,14077474,37677063,0,37677063,"USD",14077474,0,14077474,37677063,0,37677063,"1","1","0","0","0"
"Adveq Fund of Funds II","Underlying 11",0.18,"Company 228","2013","31/12/2013","ES","ES","24 Medical Devices and Equipment (MDE)","312 China","31/03/2015","USD",6133257,0,6133257,6113257,0,6113257,"USD",6133257,0,6133257,6113257,0,6113257,"1","1","0","0","0"
"Adveq Fund of Funds II","Underlying 11",0.18,"Company 229","2013","30/09/2013","ES","ES","155 Other Online Services","312 China","31/03/2015","USD",6821591,0,6821591,6821591,0,6821591,"USD",6821591,0,6821591,6821591,0,6821591,"1","1","0","0","0"
"Adveq Fund of Funds II","Underlying 11",0.18,"Company 230","2014","31/03/2014","SS","SS","14 Software (SW)","312 China","31/03/2015","USD",2465232,0,2465232,2465232,0,2465232,"USD",2465232,0,2465232,2465232,0,2465232,"1","1","0","0","0"
"Adveq Fund of Funds II","Underlying 11",0.18,"Company 231","2011","31/12/2011","SS","SS","327 Consumer Products","312 China","31/03/2015","USD",2801400,0,2801400,2801400,0,2801400,"USD",2801400,0,2801400,2801400,0,2801400,"1","1","0","0","0"
"Adveq Fund of Funds II","Underlying 11",0.18,"Company 232","2011","30/09/2011","ES","ES","14 Software (SW)","312 China","31/03/2015","USD",1867600,0,1867600,1867600,0,1867600,"USD",1867600,0,1867600,1867600,0,1867600,"1","1","0","0","0"
"Adveq Fund of Funds II","Underlying 11",0.18,"Company 233","2012","31/03/2012","PU","PU","23 Biopharmaceuticals (BPH)","113 U.S. North East","31/03/2015","USD",7134832,0,7134832,7484414,0,7484414,"USD",7134832,0,7134832,7484414,0,7484414,"1","0","1","0","0"
"Adveq Fund of Funds II","Underlying 11",0.18,"Company 234","2011","31/12/2011","ES","ES","311 Apparel and Accessory Retailers","312 China","31/03/2015","USD",5245614,0,5245614,10304549,0,10304549,"USD",5245614,0,5245614,10304549,0,10304549,"1","1","0","0","0"
"Adveq Fund of Funds II","Underlying 11",0.18,"Company 235","2012","30/09/2012","SS","SS","155 Other Online Services","312 China","31/03/2015","USD",10006481,0,10006481,36298304,0,36298304,"USD",10006481,0,10006481,36298304,0,36298304,"1","1","0","0","0"
"Adveq Fund of Funds II","Underlying 11",0.18,"Company 236","2014","31/03/2014","ES","ES","15 Information Services (IS)","312 China","31/03/2015","USD",4482240,0,4482240,4482240,0,4482240,"USD",4482240,0,4482240,4482240,0,4482240,"1","1","0","0","0"
"Adveq Fund of Funds II","Underlying 11",0.18,"Company 237","2013","31/12/2013","SS","SS","334 Financial Institutions and Services","312 China","31/03/2015","USD",4099357,0,4099357,6290634,0,6290634,"USD",4099357,0,4099357,6290634,0,6290634,"1","1","0","0","0"
"Adveq Fund of Funds II","Underlying 11",0.18,"Company 238","2013","30/09/2013","ES","ES","14 Software (SW)","113 U.S. North East","31/03/2015","USD",4669595,0,4669595,4669595,0,4669595,"USD",4669595,0,4669595,4669595,0,4669595,"1","1","0","0","0"
"Adveq Fund of Funds II","Underlying 11",0.18,"Company 239","2014","30/06/2014","ES","ES","15 Information Services (IS)","312 China","31/03/2015","USD",933800,0,933800,933800,0,933800,"USD",933800,0,933800,933800,0,933800,"1","1","0","0","0"
"Adveq Fund of Funds II","Underlying 11",0.18,"Company 240","2012","31/03/2012","ES","ES","21 Healthcare Services (HS)","312 China","31/03/2015","USD",6303150,0,6303150,8194095,0,8194095,"USD",6303150,0,6303150,8194095,0,8194095,"1","1","0","0","0"
"Adveq Fund of Funds II","Underlying 11",0.18,"Company 241","2013","31/03/2013","SS","SS","155 Other Online Services","312 China","31/03/2015","USD",3735200,0,3735200,5419235,0,5419235,"USD",3735200,0,3735200,5419235,0,5419235,"1","1","0","0","0"
"Adveq Fund of Funds II","Underlying 11",0.18,"Company 242","2013","31/12/2013","SS","SS","15 Information Services (IS)","312 China","31/03/2015","USD",2801400,0,2801400,4687394,0,4687394,"USD",2801400,0,2801400,4687394,0,4687394,"1","1","0","0","0"
"Adveq Fund of Funds II","Underlying 11",0.18,"Company 243","2011","30/09/2011","ES","ES","155 Other Online Services","312 China","31/03/2015","USD",5823278,0,5823278,15641302,0,15641302,"USD",5823278,0,5823278,15641302,0,15641302,"1","1","0","0","0"
"Adveq Fund of Funds II","Underlying 11",0.18,"Company 244","2014","30/06/2014","ES","ES","15 Information Services (IS)","312 China","31/03/2015","USD",1867600,0,1867600,1867600,0,1867600,"USD",1867600,0,1867600,1867600,0,1867600,"1","1","0","0","0"
"Adveq Fund of Funds II","Underlying 11",0.18,"Company 245","2011","30/09/2011","ES","ES","334 Financial Institutions and Services","312 China","31/03/2015","USD",2339945,449467,2789412,4799356,449467,5248823,"USD",2339945,449467,2789412,4799356,449467,5248823,"1","1","0","0","0"
"Adveq Fund of Funds II","Underlying 11",0.18,"Company 246","2011","31/12/2011","ES","ES","11 Communications / Networking (CN)","312 China","31/03/2015","USD",0,1400768,1400768,0,0,0,"USD",0,1400768,1400768,0,0,0,"1","0","0","0","1"
"Adveq Fund of Funds II","Underlying 11",0.18,"Company 247","2011","30/09/2011","DC","DC","325 Producers of Clothing and Accessories","312 China","31/03/2015","USD",4549999,0,4549999,4519999,0,4519999,"USD",4549999,0,4549999,4519999,0,4519999,"1","1","0","0","0"
"Adveq Fund of Funds II","Underlying 11",0.18,"Company 248","2012","30/06/2012","SS","SS","14 Software (SW)","312 China","31/03/2015","USD",9338000,0,9338000,9338000,0,9338000,"USD",9338000,0,9338000,9338000,0,9338000,"1","1","0","0","0"
"Adveq Fund of Funds II","Underlying 11",0.18,"Company 249","2011","30/09/2011","ES","ES","324 Vehicle and Components Manufacturers","312 China","31/03/2015","USD",1483224,0,1483224,1463224,0,1463224,"USD",1483224,0,1483224,1463224,0,1463224,"1","1","0","0","0"
"Adveq Fund of Funds II","Underlying 11",0.18,"Company 250","2014","31/03/2014","SS","SS","15 Information Services (IS)","312 China","31/03/2015","USD",2801400,0,2801400,2801400,0,2801400,"USD",2801400,0,2801400,2801400,0,2801400,"1","1","0","0","0"
"Adveq Fund of Funds II","Underlying 11",0.18,"Company 251","2014","30/06/2014","ES","ES","15 Information Services (IS)","312 China","31/03/2015","USD",14590029,0,14590029,14590029,0,14590029,"USD",14590029,0,14590029,14590029,0,14590029,"1","1","0","0","0"
"Adveq Fund of Funds II","Underlying 11",0.18,"Company 252","2012","31/03/2012","ES","ES","314 Food Retailing","312 China","31/03/2015","USD",14820863,0,14820863,14800863,0,14800863,"USD",14820863,0,14820863,14800863,0,14800863,"1","1","0","0","0"
"Adveq Fund of Funds II","Underlying 11",0.18,"Company 253","2014","30/09/2014","ES","ES","24 Medical Devices and Equipment (MDE)","312 China","31/03/2015","USD",3056694,0,3056694,3041694,0,3041694,"USD",3056694,0,3056694,3041694,0,3041694,"1","1","0","0","0"
"Adveq Fund of Funds II","Underlying 11",0.18,"Company 254","2011","31/12/2011","SS","SS","14 Software (SW)","312 China","31/03/2015","USD",0,466900,466900,0,0,0,"USD",0,466900,466900,0,0,0,"1","0","0","0","1"
"Adveq Fund of Funds II","Underlying 11",0.18,"Company 255","2014","30/06/2014","ES","ES","15 Information Services (IS)","312 China","31/03/2015","USD",3735200,0,3735200,3735200,0,3735200,"USD",3735200,0,3735200,3735200,0,3735200,"1","1","0","0","0"
"Adveq Fund of Funds II","Underlying 11",0.18,"Company 256","2012","30/09/2012","LS","LS","155 Other Online Services","312 China","31/03/2015","USD",14007000,0,14007000,25326458,0,25326458,"USD",14007000,0,14007000,25326458,0,25326458,"1","1","0","0","0"
"Adveq Fund of Funds II","Underlying 11",0.18,"Company 257","2014","31/03/2014","ES","ES","15 Information Services (IS)","312 China","31/03/2015","USD",38645313,0,38645313,108133555,0,108133555,"USD",38645313,0,38645313,108133555,0,108133555,"1","1","0","0","0"
"Adveq Fund of Funds II","Underlying 11",0.18,"Company 258","2011","31/12/2011","SS","SS","14 Software (SW)","312 China","31/03/2015","USD",13507086,0,13507086,27795272,0,27795272,"USD",13507086,0,13507086,27795272,0,27795272,"1","1","0","0","0"
"Adveq Fund of Funds II","Underlying 11",0.18,"Company 259","2012","30/09/2012","SS","SS","155 Other Online Services","312 China","31/03/2015","USD",10261525,0,10261525,78310793,0,78310793,"USD",10261525,0,10261525,78310793,0,78310793,"1","1","0","0","0"
"Adveq Fund of Funds II","Underlying 11",0.18,"Company 260","2014","30/06/2014","ES","ES","15 Information Services (IS)","312 China","31/03/2015","USD",4678338,0,4678338,4669000,0,4669000,"USD",4678338,0,4678338,4669000,0,4669000,"1","1","0","0","0"
"Adveq Fund of Funds II","Underlying 11",0.18,"Company 261","2014","31/03/2014","SS","SS","43 Energy","312 China","31/03/2015","USD",1868397,0,1868397,1832148,0,1832148,"USD",1868397,0,1868397,1832148,0,1832148,"1","1","0","0","0"
"Adveq Fund of Funds II","Underlying 11",0.18,"Company 262","2012","31/03/2012","SS","SS","323 Food Products","114 U.S. Mid West","31/03/2015","USD",7551019,715,7551734,6689914,0,6689914,"USD",7551019,715,7551734,6689914,0,6689914,"1","1","0","0","0"
"Adveq Fund of Funds II","Underlying 11",0.18,"Company 263","2011","30/09/2011","ES","ES","11 Communications / Networking (CN)","111 U.S. California","31/03/2015","USD",0,0,0,0,0,0,"USD",0,0,0,0,0,0,"0","0","0","0","0"
"Adveq Fund of Funds II","Underlying 11",0.18,"Company 264","2012","31/03/2012","ES","ES","21 Healthcare Services (HS)","312 China","31/03/2015","USD",2808713,0,2808713,24275683,0,24275683,"USD",2808713,0,2808713,24275683,0,24275683,"1","1","0","0","0"
"Adveq Fund of Funds II","Underlying 11",0.18,"Company 265","2014","31/03/2014","ES","ES","14 Software (SW)","312 China","31/03/2015","USD",2801400,0,2801400,2801400,0,2801400,"USD",2801400,0,2801400,2801400,0,2801400,"1","1","0","0","0"
"Adveq Fund of Funds II","Underlying 11",0.18,"Company 266","2011","31/12/2011","LS","LS","332 Consumer Services","111 U.S. California","31/03/2015","USD",8221252,0,8221252,27638064,0,27638064,"USD",8221252,0,8221252,27638064,0,27638064,"1","1","0","0","0"
"Adveq Fund of Funds II","Underlying 11",0.18,"Company 267","2012","30/09/2012","ES","DC","326 Media and Publications","111 U.S. California","31/03/2015","USD",27586779,0,27586779,58362500,0,58362500,"USD",27586779,0,27586779,58362500,0,58362500,"1","1","0","0","0"
"Adveq Fund of Funds II","Underlying 11",0.18,"Company 268","2014","30/09/2014","ES","ES","155 Other Online Services","312 China","31/03/2015","USD",11412984,0,11412984,11397984,0,11397984,"USD",11412984,0,11412984,11397984,0,11397984,"1","1","0","0","0"
"Adveq Fund of Funds II","Underlying 11",0.18,"Company 269","2011","30/09/2011","ES","ES","327 Consumer Products","312 China","31/03/2015","USD",9557987,0,9557987,35113624,0,35113624,"USD",9557987,0,9557987,35113624,0,35113624,"1","1","0","0","0"
"Adveq Fund of Funds II","Underlying 11",0.18,"Company 270","2011","30/09/2011","DC","DC","335 Hospitality, Sports + Entertainment Facilities","312 China","31/03/2015","USD",4315482,0,4315482,6277098,0,6277098,"USD",4315482,0,4315482,6277098,0,6277098,"1","1","0","0","0"
"Adveq Fund of Funds II","Underlying 11",0.18,"Company 271","2014","30/06/2014","ES","ES","15 Information Services (IS)","312 China","31/03/2015","USD",4683008,0,4683008,4669000,0,4669000,"USD",4683008,0,4683008,4669000,0,4669000,"1","1","0","0","0"
"Adveq Fund of Funds II","Underlying 11",0.18,"Company 272","2014","30/06/2014","ES","ES","15 Information Services (IS)","312 China","31/03/2015","USD",3195974,0,3195974,3195974,0,3195974,"USD",3195974,0,3195974,3195974,0,3195974,"1","1","0","0","0"
"Adveq Fund of Funds II","Underlying 11",0.18,"Company 273","2014","30/06/2014","ES","ES","313 Electronic Commerce","312 China","31/03/2015","USD",7680647,0,7680647,7661971,0,7661971,"USD",7680647,0,7680647,7661971,0,7661971,"1","1","0","0","0"
"Adveq Fund of Funds II","Underlying 11",0.18,"Company 274","2014","30/06/2014","ES","ES","15 Information Services (IS)","312 China","31/03/2015","USD",2567950,0,2567950,2567950,0,2567950,"USD",2567950,0,2567950,2567950,0,2567950,"1","1","0","0","0"
"Adveq Fund of Funds II","Underlying 11",0.18,"Company 275","2013","30/06/2013","SS","ES","14 Software (SW)","312 China","31/03/2015","USD",11679368,0,11679368,14780221,0,14780221,"USD",11679368,0,11679368,14780221,0,14780221,"1","1","0","0","0"
"Adveq Fund of Funds II","Underlying 11",0.18,"Company 276","2014","31/03/2014","SS","SS","14 Software (SW)","312 China","31/03/2015","USD",2988160,0,2988160,2988160,0,2988160,"USD",2988160,0,2988160,2988160,0,2988160,"1","1","0","0","0"
"Adveq Fund of Funds II","Underlying 11",0.18,"Company 277","2014","31/03/2014","SS","SS","11 Communications / Networking (CN)","312 China","31/03/2015","USD",5602800,0,5602800,6359179,0,6359179,"USD",5602800,0,5602800,6359179,0,6359179,"1","1","0","0","0"
"Adveq Fund of Funds II","Underlying 11",0.18,"Company 278","2013","30/06/2013","SS","SS","14 Software (SW)","312 China","31/03/2015","USD",3735200,0,3735200,3735200,0,3735200,"USD",3735200,0,3735200,3735200,0,3735200,"1","1","0","0","0"
"Adveq Fund of Funds II","Underlying 11",0.18,"Company 279","2011","30/09/2011","ES","ES","155 Other Online Services","312 China","31/03/2015","USD",2965032,0,2965032,2731582,0,2731582,"USD",2965032,0,2965032,2731582,0,2731582,"1","1","0","0","0"
"Adveq Fund of Funds II","Underlying 11",0.18,"Company 280","2011","30/09/2011","SS","SS","14 Software (SW)","312 China","31/03/2015","USD",3735200,0,3735200,3735200,0,3735200,"USD",3735200,0,3735200,3735200,0,3735200,"1","1","0","0","0"
"Adveq Fund of Funds II","Underlying 11",0.18,"Company 281","2013","30/09/2013","ES","ES","24 Medical Devices and Equipment (MDE)","312 China","31/03/2015","USD",3061693,0,3061693,3041693,0,3041693,"USD",3061693,0,3061693,3041693,0,3041693,"1","1","0","0","0"
"Adveq Fund of Funds II","Underlying 11",0.18,"Company 282","2014","31/03/2014","SS","SS","15 Information Services (IS)","312 China","31/03/2015","USD",2801400,0,2801400,2801400,0,2801400,"USD",2801400,0,2801400,2801400,0,2801400,"1","1","0","0","0"
"Adveq Fund of Funds II","Underlying 11",0.18,"Company 283","2011","31/12/2011","ES","ES","11 Communications / Networking (CN)","312 China","31/03/2015","USD",2101822,0,2101822,670176,0,670176,"USD",2101822,0,2101822,670176,0,670176,"1","1","0","0","0"
"Adveq Fund of Funds II","Underlying 11",0.18,"Company 284","2011","30/09/2011","SS","SS","14 Software (SW)","312 China","31/03/2015","USD",7541719,0,7541719,14410993,0,14410993,"USD",7541719,0,7541719,14410993,0,14410993,"1","1","0","0","0"
"Adveq Fund of Funds II","Underlying 11",0.18,"Company 285","2014","30/06/2014","ES","ES","15 Information Services (IS)","312 China","31/03/2015","USD",1400700,0,1400700,1400700,0,1400700,"USD",1400700,0,1400700,1400700,0,1400700,"1","1","0","0","0"
"Adveq Fund of Funds II","Underlying 12",1.2,"Company 286","2011","30/06/2011","PU","PU","327 Consumer Products","314 India","31/03/2015","USD",0,7315919,7315919,0,8919342,8919342,"USD",0,7315919,7315919,0,8919342,8919342,"1","0","0","1","0"
"Adveq Fund of Funds II","Underlying 12",1.2,"Company 287","2014","30/06/2014","DC","DC","21 Healthcare Services (HS)","314 India","31/03/2015","USD",19742642,0,19742642,28443046,0,28443046,"USD",19742642,0,19742642,28443046,0,28443046,"1","1","0","0","0"
"Adveq Fund of Funds II","Underlying 12",1.2,"Company 288","2011","30/06/2011","BO","BO","331 Business Services","211 UK","31/03/2015","USD",34384481,0,34384481,60094110,0,60094110,"USD",34384481,0,34384481,60094110,0,60094110,"1","1","0","0","0"
"Adveq Fund of Funds II","Underlying 12",1.2,"Company 289","2014","31/03/2014","BO","BO","332 Consumer Services","314 India","31/03/2015","USD",23207208,0,23207208,21006613,0,21006613,"USD",23207208,0,23207208,21006613,0,21006613,"1","1","0","0","0"
"Adveq Fund of Funds II","Underlying 12",1.2,"Company 290","2015","31/03/2015","DC","DC","334 Financial Institutions and Services","314 India","31/03/2015","USD",1605012,0,1605012,1451246,0,1451246,"USD",1605012,0,1605012,1451246,0,1451246,"1","1","0","0","0"
"Adveq Fund of Funds II","Underlying 12",1.2,"Company 291","2010","30/09/2010","BO","BO","334 Financial Institutions and Services","314 India","31/03/2015","USD",25543490,0,25543490,40507288,0,40507288,"USD",25543490,0,25543490,40507288,0,40507288,"1","1","0","0","0"
"Adveq Fund of Funds II","Underlying 12",1.2,"Company 292","2013","30/09/2013","PU","PU","334 Financial Institutions and Services","314 India","31/03/2015","USD",229627,0,229627,426066,2846,428912,"USD",229627,0,229627,426066,2846,428912,"1","0","1","0","0"
"Adveq Fund of Funds II","Underlying 12",1.2,"Company 293","2014","31/03/2014","DC","DC","43 Energy","314 India","31/03/2015","USD",12209502,0,12209502,17974117,91069,18065186,"USD",12209502,0,12209502,17974117,91069,18065186,"1","1","0","0","0"
"Adveq Fund of Funds II","Underlying 12",1.2,"Company 294","2012","30/06/2012","PU","PU","334 Financial Institutions and Services","314 India","31/03/2015","USD",8235874,0,8235874,9560670,488248,10048918,"USD",8235874,0,8235874,9560670,488248,10048918,"1","0","1","0","0"
"Adveq Fund of Funds II","Underlying 12",1.2,"Company 295","2012","31/12/2012","DC","DC","21 Healthcare Services (HS)","314 India","31/03/2015","USD",79014237,102927,79117164,109572030,864244,110436274,"USD",79014237,102927,79117164,109572030,864244,110436274,"1","1","0","0","0"
"Adveq Fund of Funds II","Underlying 12",1.2,"Company 296","2014","30/06/2014","DC","DC","331 Business Services","314 India","31/03/2015","USD",50162580,0,50162580,45356838,0,45356838,"USD",50162580,0,50162580,45356838,0,45356838,"1","1","0","0","0"
"Adveq Fund of Funds II","Underlying 12",1.2,"Company 297","2015","31/03/2015","DC","DC","23 Biopharmaceuticals (BPH)","314 India","31/03/2015","USD",63377578,0,63377578,60712574,0,60712574,"USD",63377578,0,63377578,60712574,0,60712574,"1","1","0","0","0"
"Adveq Fund of Funds II","Underlying 12",1.2,"Company 298","2011","30/09/2011","PU","PU","324 Vehicle and Components Manufacturers","314 India","31/03/2015","USD",6110245,0,6110245,7654464,10273,7664737,"USD",6110245,0,6110245,7654464,10273,7664737,"1","0","1","0","0"
"Adveq Fund of Funds II","Underlying 12",1.2,"Company 299","2013","31/12/2013","DC","DC","24 Medical Devices and Equipment (MDE)","314 India","31/03/2015","USD",26293024,0,26293024,23743192,0,23743192,"USD",26293024,0,26293024,23743192,0,23743192,"1","1","0","0","0"
"Adveq Fund of Funds II","Underlying 12",1.2,"Company 300","2013","31/12/2013","BO","BO","323 Food Products","314 India","31/03/2015","USD",34910442,0,34910442,54086624,0,54086624,"USD",34910442,0,34910442,54086624,0,54086624,"1","1","0","0","0"
"Adveq Fund of Funds II","Underlying 13",4.99,"Company 301","2010","31/03/2010","ES","LS","13 Semiconductors (SC)","111 U.S. California","31/03/2015","USD",7312499,0,7312499,7378077,0,7378077,"USD",7312499,0,7312499,7378077,0,7378077,"1","1","0","0","0"
"Adveq Fund of Funds II","Underlying 13",4.99,"Company 302","2010","31/03/2010","LS","LS","11 Communications / Networking (CN)","312 China","31/03/2015","USD",8500000,0,8500000,13019040,0,13019040,"USD",8500000,0,8500000,13019040,0,13019040,"1","1","0","0","0"
"Adveq Fund of Funds II","Underlying 13",4.99,"Company 303","2010","31/03/2010","DC","DC","11 Communications / Networking (CN)","312 China","31/03/2015","USD",0,3e+06,3e+06,0,0,0,"USD",0,3e+06,3e+06,0,0,0,"1","0","0","0","1"
"Adveq Fund of Funds II","Underlying 13",4.99,"Company 304","2010","31/03/2010","LS","LS","313 Electronic Commerce","312 China","31/03/2015","USD",0,29405272,29405272,0,8926085,8926085,"USD",0,29405272,29405272,0,8926085,8926085,"1","0","0","1","0"
"Adveq Fund of Funds II","Underlying 13",4.99,"Company 305","2010","31/03/2010","DC","DC","43 Energy","312 China","31/03/2015","USD",1.5e+07,0,1.5e+07,1.5e+07,0,1.5e+07,"USD",1.5e+07,0,1.5e+07,1.5e+07,0,1.5e+07,"1","1","0","0","0"
"Adveq Fund of Funds II","Underlying 13",4.99,"Company 306","2015","31/03/2015","LS","LS","11 Communications / Networking (CN)","317 Other - Asia Pacific","31/03/2015","USD",15000012,0,15000012,15000012,0,15000012,"USD",15000012,0,15000012,15000012,0,15000012,"1","1","0","0","0"
"Adveq Fund of Funds II","Underlying 13",4.99,"Company 90","2010","31/03/2010","ES","ES","155 Other Online Services","312 China","31/03/2015","USD",1071644,6441176,7512820,0,14299693,14299693,"USD",1071644,6441176,7512820,0,14299693,14299693,"1","1","0","0","0"
"Adveq Fund of Funds II","Underlying 13",4.99,"Company 93","2010","31/03/2010","ES","LS","13 Semiconductors (SC)","312 China","31/03/2015","USD",6e+06,0,6e+06,6976743,0,6976743,"USD",6e+06,0,6e+06,6976743,0,6976743,"1","1","0","0","0"
"Adveq Fund of Funds II","Underlying 13",4.99,"Company 307","2010","31/03/2010","DC","DC","326 Media and Publications","312 China","31/03/2015","USD",4500000,0,4500000,4500000,0,4500000,"USD",4500000,0,4500000,4500000,0,4500000,"1","1","0","0","0"
"Adveq Fund of Funds II","Underlying 13",4.99,"Company 308","2010","31/03/2010","DC","DC","154 Online Publications and Content Provider","312 China","31/03/2015","USD",9247065,0,9247065,9247065,0,9247065,"USD",9247065,0,9247065,9247065,0,9247065,"1","1","0","0","0"
"Adveq Fund of Funds II","Underlying 13",4.99,"Company 309","2010","31/03/2010","ES","ES","13 Semiconductors (SC)","111 U.S. California","31/03/2015","USD",0,11350069,11350069,0,13797111,13797111,"USD",0,11350069,11350069,0,13797111,13797111,"1","0","0","1","0"
"Adveq Fund of Funds II","Underlying 13",4.99,"Company 310","2013","31/12/2013","DC","DC","15 Information Services (IS)","312 China","31/03/2015","USD",5500000,0,5500000,11546869,0,11546869,"USD",5500000,0,5500000,11546869,0,11546869,"1","1","0","0","0"
"Adveq Fund of Funds II","Underlying 13",4.99,"Company 311","2010","31/03/2010","ES","LS","12 Electronics / Computer Hardware (EC)","312 China","31/03/2015","USD",0,6098648,6098648,0,0,0,"USD",0,6098648,6098648,0,0,0,"1","0","0","0","1"
"Adveq Fund of Funds II","Underlying 13",4.99,"Company 312","2010","31/03/2010","ES","ES","14 Software (SW)","312 China","31/03/2015","USD",4999975,0,4999975,5047610,0,5047610,"USD",4999975,0,4999975,5047610,0,5047610,"1","1","0","0","0"
"Adveq Fund of Funds II","Underlying 13",4.99,"Company 313","2010","31/03/2010","DC","DC","15 Information Services (IS)","312 China","31/03/2015","USD",20700008,0,20700008,20700008,0,20700008,"USD",20700008,0,20700008,20700008,0,20700008,"1","1","0","0","0"
"Adveq Fund of Funds II","Underlying 13",4.99,"Company 314","2010","31/03/2010","DC","LS","33 Consumer and Business Services","312 China","31/03/2015","USD",9871672,0,9871672,21349145,0,21349145,"USD",9871672,0,9871672,21349145,0,21349145,"1","1","0","0","0"
"Adveq Fund of Funds II","Underlying 14",7.44,"Company 315","2014","30/06/2014","ES","ES","15 Information Services (IS)","312 China","31/03/2015","USD",2727070,0,2727070,7675382,0,7675382,"USD",2727070,0,2727070,7675382,0,7675382,"1","1","0","0","0"
"Adveq Fund of Funds II","Underlying 14",7.44,"Company 316","2013","30/09/2013","ES","ES","334 Financial Institutions and Services","312 China","31/03/2015","USD",3307672,0,3307672,3307672,0,3307672,"USD",3307672,0,3307672,3307672,0,3307672,"1","1","0","0","0"
"Adveq Fund of Funds II","Underlying 14",7.44,"Company 317","2013","31/12/2013","SS","SS","15 Information Services (IS)","312 China","31/03/2015","USD",0,439850,439850,0,453046,453046,"USD",0,439850,439850,0,453046,453046,"1","0","0","1","0"
"Adveq Fund of Funds II","Underlying 14",7.44,"Company 318","2013","31/12/2013","ES","ES","15 Information Services (IS)","312 China","31/03/2015","USD",6687274,0,6687274,52651876,0,52651876,"USD",6687274,0,6687274,52651876,0,52651876,"1","1","0","0","0"
"Adveq Fund of Funds II","Underlying 14",7.44,"Company 319","2014","30/06/2014","DC","DC","153 Information Providers","312 China","31/03/2015","USD",13195500,0,13195500,13195500,0,13195500,"USD",13195500,0,13195500,13195500,0,13195500,"1","1","0","0","0"
"Adveq Fund of Funds II","Underlying 14",7.44,"Company 320","2013","30/09/2013","FU","FU","46 Other","312 China","31/03/2015","USD",661089,0,661089,1133452,0,1133452,"USD",661089,0,661089,1133452,0,1133452,"1","1","0","0","0"
"Adveq Fund of Funds II","Underlying 14",7.44,"Company 321","2014","30/06/2014","ES","ES","15 Information Services (IS)","312 China","31/03/2015","USD",6754380,0,6754380,13145186,0,13145186,"USD",6754380,0,6754380,13145186,0,13145186,"1","1","0","0","0"
"Adveq Fund of Funds II","Underlying 14",7.44,"Company 322","2013","31/03/2013","ES","ES","11 Communications / Networking (CN)","312 China","31/03/2015","USD",6156124,0,6156124,6156124,0,6156124,"USD",6156124,0,6156124,6156124,0,6156124,"1","1","0","0","0"
"Adveq Fund of Funds II","Underlying 14",7.44,"Company 323","2013","31/03/2013","SS","SS","14 Software (SW)","312 China","31/03/2015","USD",1099625,0,1099625,1852924,0,1852924,"USD",1099625,0,1099625,1852924,0,1852924,"1","1","0","0","0"
"Adveq Fund of Funds II","Underlying 14",7.44,"Company 324","2014","30/09/2014","LS","LS","12 Electronics / Computer Hardware (EC)","312 China","31/03/2015","USD",11435876,0,11435876,11435876,0,11435876,"USD",11435876,0,11435876,11435876,0,11435876,"1","1","0","0","0"
"Adveq Fund of Funds II","Underlying 14",7.44,"Company 325","2014","30/06/2014","ES","ES","15 Information Services (IS)","312 China","31/03/2015","USD",0,439850,439850,0,449973,449973,"USD",0,439850,439850,0,449973,449973,"1","0","0","1","0"
"Adveq Fund of Funds II","Underlying 14",7.44,"Company 326","2013","31/03/2013","SS","SS","11 Communications / Networking (CN)","312 China","31/03/2015","USD",1759400,0,1759400,15452374,0,15452374,"USD",1759400,0,1759400,15452374,0,15452374,"1","1","0","0","0"
"Adveq Fund of Funds II","Underlying 14",7.44,"Company 327","2014","30/06/2014","ES","ES","15 Information Services (IS)","312 China","31/03/2015","USD",281504,0,281504,281504,0,281504,"USD",281504,0,281504,281504,0,281504,"1","1","0","0","0"
"Adveq Fund of Funds II","Underlying 14",7.44,"Company 328","2012","30/09/2012","LS","LS","315 Speciality Retailers","312 China","31/03/2015","USD",3633162,0,3633162,10428121,0,10428121,"USD",3633162,0,3633162,10428121,0,10428121,"1","1","0","0","0"
"Adveq Fund of Funds II","Underlying 14",7.44,"Company 329","2014","31/03/2014","ES","ES","334 Financial Institutions and Services","312 China","31/03/2015","USD",11582716,0,11582716,23980619,0,23980619,"USD",11582716,0,11582716,23980619,0,23980619,"1","1","0","0","0"
"Adveq Fund of Funds II","Underlying 14",7.44,"Company 330","2014","31/03/2014","SS","SS","155 Other Online Services","312 China","31/03/2015","USD",879700,0,879700,2300468,0,2300468,"USD",879700,0,879700,2300468,0,2300468,"1","1","0","0","0"
"Adveq Fund of Funds II","Underlying 14",7.44,"Company 331","2012","30/09/2012","ES","ES","15 Information Services (IS)","312 China","31/03/2015","USD",12592905,0,12592905,42100682,0,42100682,"USD",12592905,0,12592905,42100682,0,42100682,"1","1","0","0","0"
"Adveq Fund of Funds II","Underlying 14",7.44,"Company 332","2014","31/03/2014","ES","ES","152 Data-Management Services","312 China","31/03/2015","USD",1759400,0,1759400,1759400,0,1759400,"USD",1759400,0,1759400,1759400,0,1759400,"1","1","0","0","0"
"Adveq Fund of Funds II","Underlying 14",7.44,"Company 333","2012","30/09/2012","SS","SS","15 Information Services (IS)","312 China","31/03/2015","USD",0,848516,848516,0,265949,265949,"USD",0,848516,848516,0,265949,265949,"1","0","0","1","0"
"Adveq Fund of Funds II","Underlying 14",7.44,"Company 334","2013","30/09/2013","ES","ES","12 Electronics / Computer Hardware (EC)","312 China","31/03/2015","USD",615790,0,615790,615790,0,615790,"USD",615790,0,615790,615790,0,615790,"1","1","0","0","0"
"Adveq Fund of Funds II","Underlying 14",7.44,"Company 335","2012","30/09/2012","ES","ES","335 Hospitality, Sports + Entertainment Facilities","312 China","31/03/2015","USD",12345555,0,12345555,38463344,0,38463344,"USD",12345555,0,12345555,38463344,0,38463344,"1","1","0","0","0"
"Adveq Fund of Funds II","Underlying 14",7.44,"Company 336","2014","30/06/2014","ES","ES","15 Information Services (IS)","312 China","31/03/2015","USD",4398500,0,4398500,6773690,0,6773690,"USD",4398500,0,4398500,6773690,0,6773690,"1","1","0","0","0"
"Adveq Fund of Funds II","Underlying 14",7.44,"Company 337","2014","31/03/2014","ES","ES","155 Other Online Services","312 China","31/03/2015","USD",3958650,0,3958650,3958650,0,3958650,"USD",3958650,0,3958650,3958650,0,3958650,"1","1","0","0","0"
"Adveq Fund of Funds II","Underlying 14",7.44,"Company 338","2013","31/12/2013","ES","ES","15 Information Services (IS)","312 China","31/03/2015","USD",5278200,0,5278200,5278200,0,5278200,"USD",5278200,0,5278200,5278200,0,5278200,"1","1","0","0","0"
"Adveq Fund of Funds II","Underlying 15",1.95,"Company 339","2014","30/09/2014","ES","ES","15 Information Services (IS)","312 China","31/03/2015","USD",2899659,0,2899659,2899659,0,2899659,"USD",2899659,0,2899659,2899659,0,2899659,"1","1","0","0","0"
"Adveq Fund of Funds II","Underlying 15",1.95,"Company 340","2013","30/06/2013","ES","ES","328 Industrial Products","315 Taiwan","31/03/2015","USD",1326143,0,1326143,2624450,0,2624450,"USD",1326143,0,1326143,2624450,0,2624450,"1","1","0","0","0"
"Adveq Fund of Funds II","Underlying 15",1.95,"Company 341","2011","31/12/2011","ES","ES","432 Wind","312 China","31/03/2015","USD",1054069,0,1054069,1054069,0,1054069,"USD",1054069,0,1054069,1054069,0,1054069,"1","1","0","0","0"
"Adveq Fund of Funds II","Underlying 15",1.95,"Company 342","2012","31/12/2012","ES","ES","334 Financial Institutions and Services","312 China","31/03/2015","USD",11536200,0,11536200,18690000,0,18690000,"USD",11536200,0,11536200,18690000,0,18690000,"1","1","0","0","0"
"Adveq Fund of Funds II","Underlying 15",1.95,"Company 343","2013","31/03/2013","ES","ES","151 Consultants","12 Canada","31/03/2015","USD",5653004,0,5653004,9534694,0,9534694,"USD",5653004,0,5653004,9534694,0,9534694,"1","1","0","0","0"
"Adveq Fund of Funds II","Underlying 15",1.95,"Company 344","2014","30/06/2014","SS","SS","15 Information Services (IS)","312 China","31/03/2015","USD",356214,0,356214,357557,0,357557,"USD",356214,0,356214,357557,0,357557,"1","1","0","0","0"
"Adveq Fund of Funds II","Underlying 15",1.95,"Company 345","2013","30/09/2013","FU","FU","46 Other","45 Other - Rest of World","31/03/2015","USD",1363407,0,1363407,1416466,0,1416466,"USD",1363407,0,1363407,1416466,0,1416466,"1","1","0","0","0"
"Adveq Fund of Funds II","Underlying 15",1.95,"Company 346","2015","31/03/2015","SS","SS","155 Other Online Services","312 China","31/03/2015","USD",509164,0,509164,509164,0,509164,"USD",509164,0,509164,509164,0,509164,"1","1","0","0","0"
"Adveq Fund of Funds II","Underlying 15",1.95,"Company 347","2014","30/06/2014","ES","ES","23 Biopharmaceuticals (BPH)","312 China","31/03/2015","USD",2909509,0,2909509,2909509,0,2909509,"USD",2909509,0,2909509,2909509,0,2909509,"1","1","0","0","0"
"Adveq Fund of Funds II","Underlying 15",1.95,"Company 348","2013","30/06/2013","FU","FU","152 Data-Management Services","312 China","31/03/2015","USD",1774800,0,1774800,1847592,0,1847592,"USD",1774800,0,1774800,1847592,0,1847592,"1","1","0","0","0"
"Adveq Fund of Funds II","Underlying 15",1.95,"Company 349","2014","30/06/2014","ES","ES","15 Information Services (IS)","312 China","31/03/2015","USD",1774844,0,1774844,1774844,0,1774844,"USD",1774844,0,1774844,1774844,0,1774844,"1","1","0","0","0"
"Adveq Fund of Funds II","Underlying 15",1.95,"Company 350","2011","31/12/2011","ES","ES","331 Business Services","317 Other - Asia Pacific","31/03/2015","USD",0,452574,452574,0,0,0,"USD",0,452574,452574,0,0,0,"1","0","0","0","1"
"Adveq Fund of Funds II","Underlying 15",1.95,"Company 351","2012","31/03/2012","SS","SS","12 Electronics / Computer Hardware (EC)","11 U.S.","31/03/2015","USD",9317700,0,9317700,12023781,0,12023781,"USD",9317700,0,9317700,12023781,0,12023781,"1","1","0","0","0"
"Adveq Fund of Funds II","Underlying 15",1.95,"Company 352","2012","30/09/2012","SS","SS","14 Software (SW)","317 Other - Asia Pacific","31/03/2015","USD",0,603255,603255,0,0,0,"USD",0,603255,603255,0,0,0,"1","0","0","0","1"
"Adveq Fund of Funds II","Underlying 15",1.95,"Company 353","2014","30/09/2014","ES","ES","334 Financial Institutions and Services","312 China","31/03/2015","USD",3549600,0,3549600,3549600,0,3549600,"USD",3549600,0,3549600,3549600,0,3549600,"1","1","0","0","0"
"Adveq Fund of Funds II","Underlying 15",1.95,"Company 354","2012","31/12/2012","ES","ES","333 Educational and Training Services","312 China","31/03/2015","USD",15430765,0,15430765,16634804.62,0,16634804.62,"USD",15430765,0,15430765,16634804.62,0,16634804.62,"1","1","0","0","0"
"Adveq Fund of Funds II","Underlying 15",1.95,"Company 355","2014","31/12/2014","SS","SS","15 Information Services (IS)","312 China","31/03/2015","USD",1153620,0,1153620,1153620,0,1153620,"USD",1153620,0,1153620,1153620,0,1153620,"1","1","0","0","0"
"Adveq Fund of Funds II","Underlying 15",1.95,"Company 356","2012","31/03/2012","ES","ES","12 Electronics / Computer Hardware (EC)","312 China","31/03/2015","USD",7476812,0,7476812,14428132,0,14428132,"USD",7476812,0,7476812,14428132,0,14428132,"1","1","0","0","0"
"Adveq Fund of Funds II","Underlying 15",1.95,"Company 357","2014","30/09/2014","ES","ES","15 Information Services (IS)","312 China","31/03/2015","USD",1454754,0,1454754,1430229,0,1430229,"USD",1454754,0,1454754,1430229,0,1430229,"1","1","0","0","0"
"Adveq Fund of Funds II","Underlying 15",1.95,"Company 358","2014","30/09/2014","ES","ES","15 Information Services (IS)","312 China","31/03/2015","USD",9423802,0,9423802,17748000,0,17748000,"USD",9423802,0,9423802,17748000,0,17748000,"1","1","0","0","0"
"Adveq Fund of Funds II","Underlying 15",1.95,"Company 359","2012","30/06/2012","ES","ES","11 Communications / Networking (CN)","312 China","31/03/2015","USD",4697586,0,4697586,5255415,0,5255415,"USD",4697586,0,4697586,5255415,0,5255415,"1","1","0","0","0"
"Adveq Fund of Funds II","Underlying 15",1.95,"Company 360","2013","31/03/2013","SS","SS","14 Software (SW)","312 China","31/03/2015","USD",258267,0,258267,258267,0,258267,"USD",258267,0,258267,258267,0,258267,"1","1","0","0","0"
"Adveq Fund of Funds II","Underlying 15",1.95,"Company 361","2014","30/09/2014","ES","ES","15 Information Services (IS)","312 China","31/03/2015","USD",1331100,0,1331100,1331100,0,1331100,"USD",1331100,0,1331100,1331100,0,1331100,"1","1","0","0","0"
"Adveq Fund of Funds II","Underlying 15",1.95,"Company 362","2013","31/12/2013","ES","ES","49 Oil & Gas","312 China","31/03/2015","USD",3989554,0,3989554,5906539,0,5906539,"USD",3989554,0,3989554,5906539,0,5906539,"1","1","0","0","0"
"Adveq Fund of Funds II","Underlying 15",1.95,"Company 363","2014","30/09/2014","ES","ES","15 Information Services (IS)","312 China","31/03/2015","USD",16239420,37596,16277016,51905678,0,51905678,"USD",16239420,37596,16277016,51905678,0,51905678,"1","1","0","0","0"
"Adveq Fund of Funds II","Underlying 15",1.95,"Company 364","2013","30/06/2013","ES","ES","14 Software (SW)","312 China","31/03/2015","USD",4703219,0,4703219,4603357,0,4603357,"USD",4703219,0,4703219,4603357,0,4603357,"1","1","0","0","0"
"Adveq Fund of Funds II","Underlying 15",1.95,"Company 365","2012","31/03/2012","SS","SS","331 Business Services","111 U.S. California","31/03/2015","USD",809752,11093,820845,848737,39782,888519,"USD",809752,11093,820845,848737,39782,888519,"1","1","0","0","0"
"Adveq Fund of Funds II","Underlying 15",1.95,"Company 366","2015","31/03/2015","SS","SS","155 Other Online Services","312 China","31/03/2015","USD",1845792,0,1845792,1845792,0,1845792,"USD",1845792,0,1845792,1845792,0,1845792,"1","1","0","0","0"
"Adveq Fund of Funds II","Underlying 15",1.95,"Company 367","2015","31/03/2015","SS","SS","152 Data-Management Services","312 China","31/03/2015","USD",70555,0,70555,70555,0,70555,"USD",70555,0,70555,70555,0,70555,"1","1","0","0","0"
"Adveq Fund of Funds II","Underlying 15",1.95,"Company 368","2014","30/09/2014",NA,"ES","155 Other Online Services","312 China","31/03/2015","USD",887400,0,887400,887400,0,887400,"USD",887400,0,887400,887400,0,887400,"1","1","0","0","0"
"Adveq Fund of Funds II","Underlying 15",1.95,"Company 369","2012","30/06/2012","ES","ES","331 Business Services","111 U.S. California","31/03/2015","USD",16396490,0,16396490,16724621,0,16724621,"USD",16396490,0,16396490,16724621,0,16724621,"1","1","0","0","0"
"Adveq Fund of Funds II","Underlying 15",1.95,"Company 370","2012","30/09/2012","ES","ES","155 Other Online Services","312 China","31/03/2015","USD",4437000,0,4437000,8918370,0,8918370,"USD",4437000,0,4437000,8918370,0,8918370,"1","1","0","0","0"
"Adveq Fund of Funds II","Underlying 15",1.95,"Company 371","2014","30/06/2014","SS","SS","15 Information Services (IS)","312 China","31/03/2015","USD",893357,0,893357,893357,0,893357,"USD",893357,0,893357,893357,0,893357,"1","1","0","0","0"
"Adveq Fund of Funds II","Underlying 15",1.95,"Company 372","2012","31/03/2012","ES","ES","335 Hospitality, Sports + Entertainment Facilities","312 China","31/03/2015","USD",3283380,0,3283380,3283380,0,3283380,"USD",3283380,0,3283380,3283380,0,3283380,"1","1","0","0","0"
"Adveq Fund of Funds II","Underlying 15",1.95,"Company 373","2014","31/12/2014","ES","ES","313 Electronic Commerce","312 China","31/03/2015","USD",443700,0,443700,443700,0,443700,"USD",443700,0,443700,443700,0,443700,"1","1","0","0","0"
"Adveq Fund of Funds II","Underlying 15",1.95,"Company 374","2014","30/06/2014","ES","ES","15 Information Services (IS)","312 China","31/03/2015","USD",2132113,0,2132113,2132113,0,2132113,"USD",2132113,0,2132113,2132113,0,2132113,"1","1","0","0","0"
"Adveq Fund of Funds II","Underlying 15",1.95,"Company 375","2012","30/09/2012","ES","ES","326 Media and Publications","312 China","31/03/2015","USD",5630265,0,5630265,9566799,0,9566799,"USD",5630265,0,5630265,9566799,0,9566799,"1","1","0","0","0"
"Adveq Fund of Funds II","Underlying 15",1.95,"Company 376","2014","30/09/2014","ES","ES","15 Information Services (IS)","312 China","31/03/2015","USD",1419840,0,1419840,1419840,0,1419840,"USD",1419840,0,1419840,1419840,0,1419840,"1","1","0","0","0"
"Adveq Fund of Funds II","Underlying 15",1.95,"Company 377","2012","31/03/2012","BO","BO","46 Other","312 China","31/03/2015","USD",985357,0,985357,518129,0,518129,"USD",985357,0,985357,518129,0,518129,"1","1","0","0","0"
"Adveq Fund of Funds II","Underlying 15",1.95,"Company 378","2011","31/12/2011","ES","ES","313 Electronic Commerce","312 China","31/03/2015","USD",5324400,0,5324400,5619207,0,5619207,"USD",5324400,0,5324400,5619207,0,5619207,"1","1","0","0","0"
"Adveq Fund of Funds II","Underlying 15",1.95,"Company 379","2011","31/12/2011","ES","ES","12 Electronics / Computer Hardware (EC)","111 U.S. California","31/03/2015","USD",9761401,0,9761401,13588780,0,13588780,"USD",9761401,0,9761401,13588780,0,13588780,"1","1","0","0","0"
"Adveq Fund of Funds II","Underlying 15",1.95,"Company 380","2013","31/12/2013","ES","ES","24 Medical Devices and Equipment (MDE)","312 China","31/03/2015","USD",1447635,0,1447635,1447635,0,1447635,"USD",1447635,0,1447635,1447635,0,1447635,"1","1","0","0","0"
"Adveq Fund of Funds II","Underlying 15",1.95,"Company 381","2015","31/03/2015","SS","SS","24 Medical Devices and Equipment (MDE)","312 China","31/03/2015","USD",438376,0,438376,438376,0,438376,"USD",438376,0,438376,438376,0,438376,"1","1","0","0","0"
"Adveq Fund of Funds II","Underlying 15",1.95,"Company 382","2013","30/09/2013","ES","ES","155 Other Online Services","312 China","31/03/2015","USD",9761400,0,9761400,97906842,0,97906842,"USD",9761400,0,9761400,97906842,0,97906842,"1","1","0","0","0"
"Adveq Fund of Funds II","Underlying 15",1.95,"Company 383","2012","31/12/2012","ES","ES","14 Software (SW)","312 China","31/03/2015","USD",0,2662200,2662200,0,14225022,14225022,"USD",0,2662200,2662200,0,14225022,14225022,"1","0","0","1","0"
"Adveq Fund of Funds II","Underlying 15",1.95,"Company 384","2013","31/03/2013","FU","FU","14 Software (SW)","111 U.S. California","31/03/2015","USD",1307215,0,1307215,1407387,0,1407387,"USD",1307215,0,1307215,1407387,0,1407387,"1","1","0","0","0"
"Adveq Fund of Funds II","Underlying 15",1.95,"Company 385","2014","31/03/2014","ES","ES","15 Information Services (IS)","312 China","31/03/2015","USD",7099200,0,7099200,26153169,0,26153169,"USD",7099200,0,7099200,26153169,0,26153169,"1","1","0","0","0"
"Adveq Fund of Funds II","Underlying 15",1.95,"Company 386","2013","30/06/2013","ES","ES","14 Software (SW)","111 U.S. California","31/03/2015","USD",6211800,0,6211800,7276680,0,7276680,"USD",6211800,0,6211800,7276680,0,7276680,"1","1","0","0","0"
"Adveq Fund of Funds II","Underlying 15",1.95,"Company 387","2013","30/09/2013","LS","LS","313 Electronic Commerce","312 China","31/03/2015","USD",2662200,0,2662200,2662200,0,2662200,"USD",2662200,0,2662200,2662200,0,2662200,"1","1","0","0","0"
"Adveq Fund of Funds II","Underlying 15",1.95,"Company 388","2014","31/12/2014","ES","ES","46 Other","312 China","31/03/2015","USD",2839680,0,2839680,2839680,0,2839680,"USD",2839680,0,2839680,2839680,0,2839680,"1","1","0","0","0"
"Adveq Fund of Funds II","Underlying 15",1.95,"Company 389","2014","30/09/2014","ES","ES","15 Information Services (IS)","312 China","31/03/2015","USD",5324400,0,5324400,5324400,0,5324400,"USD",5324400,0,5324400,5324400,0,5324400,"1","1","0","0","0"
"Adveq Fund of Funds II","Underlying 15",1.95,"Company 390","2015","31/03/2015","ES","ES","334 Financial Institutions and Services","312 China","31/03/2015","USD",542023,0,542023,542023,0,542023,"USD",542023,0,542023,542023,0,542023,"1","1","0","0","0"
"Adveq Fund of Funds II","Underlying 15",1.95,"Company 391","2015","31/03/2015","SS","SS","22 Medical Information Systems (MIS)","312 China","31/03/2015","USD",865756,0,865756,865756,0,865756,"USD",865756,0,865756,865756,0,865756,"1","1","0","0","0"
"Adveq Fund of Funds II","Underlying 15",1.95,"Company 392","2013","30/06/2013","ES","ES","14 Software (SW)","312 China","31/03/2015","USD",0,0,0,0,0,0,"USD",0,0,0,0,0,0,"0","0","0","0","0"
"Adveq Fund of Funds II","Underlying 15",1.95,"Company 393","2014","30/06/2014","ES","ES","15 Information Services (IS)","312 China","31/03/2015","USD",1554104,0,1554104,2489157,0,2489157,"USD",1554104,0,1554104,2489157,0,2489157,"1","1","0","0","0"
"Adveq Fund of Funds II","Underlying 15",1.95,"Company 394","2013","30/09/2013","ES","ES","15 Information Services (IS)","312 China","31/03/2015","USD",8874000,0,8874000,14198386,0,14198386,"USD",8874000,0,8874000,14198386,0,14198386,"1","1","0","0","0"
"Adveq Fund of Funds II","Underlying 15",1.95,"Company 395","2015","31/03/2015","ES","ES","312 Broadlines: Mass Merchandising","312 China","31/03/2015","USD",5791350,0,5791350,5791350,0,5791350,"USD",5791350,0,5791350,5791350,0,5791350,"1","1","0","0","0"
"Adveq Fund of Funds II","Underlying 15",1.95,"Company 396","2014","31/12/2014","FU","FU","334 Financial Institutions and Services","312 China","31/03/2015","USD",727377,0,727377,706873,0,706873,"USD",727377,0,727377,706873,0,706873,"1","1","0","0","0"
"Adveq Fund of Funds II","Underlying 15",1.95,"Company 397","2013","31/03/2013","SS","SS","49 Oil & Gas","312 China","31/03/2015","USD",1415570,0,1415570,1660553,0,1660553,"USD",1415570,0,1415570,1660553,0,1660553,"1","1","0","0","0"
"Adveq Fund of Funds II","Underlying 16",1.72,"Company 398","2014","30/06/2014","ES","ES","24 Medical Devices and Equipment (MDE)","312 China","31/03/2015","USD",7070325,0,7070325,7070325,0,7070325,"USD",7070325,0,7070325,7070325,0,7070325,"1","1","0","0","0"
"Adveq Fund of Funds II","Underlying 16",1.72,"Company 399","2014","31/03/2014","ES","ES","15 Information Services (IS)","312 China","31/03/2015","USD",10186438,0,10186438,28393313,0,28393313,"USD",10186438,0,10186438,28393313,0,28393313,"1","1","0","0","0"
"Adveq Fund of Funds II","Underlying 16",1.72,"Company 400","2011","30/09/2011","ES","ES","14 Software (SW)","11 U.S.","31/03/2015","USD",2928413,0,2928413,0,0,0,"USD",2928413,0,2928413,0,0,0,"1","1","0","0","0"
"Adveq Fund of Funds II","Underlying 16",1.72,"Company 401","2011","31/12/2011","LS","ES","43 Energy","312 China","31/03/2015","USD",2435867,1032104,3467971,4590800,1032104,5622904,"USD",2435867,1032104,3467971,4590800,1032104,5622904,"1","1","0","0","0"
"Adveq Fund of Funds II","Underlying 16",1.72,"Company 402","2014","31/03/2014","DC","DC","43 Energy","312 China","31/03/2015","USD",11940523,0,11940523,13359045,0,13359045,"USD",11940523,0,11940523,13359045,0,13359045,"1","1","0","0","0"
"Adveq Fund of Funds II","Underlying 16",1.72,"Company 403","2013","30/09/2013","ES","ES","155 Other Online Services","312 China","31/03/2015","USD",11213338,0,11213338,23224670,0,23224670,"USD",11213338,0,11213338,23224670,0,23224670,"1","1","0","0","0"
"Adveq Fund of Funds II","Underlying 16",1.72,"Company 404","2013","31/12/2013","ES","ES","15 Information Services (IS)","312 China","31/03/2015","USD",5816664,0,5816664,5816664,0,5816664,"USD",5816664,0,5816664,5816664,0,5816664,"1","1","0","0","0"
"Adveq Fund of Funds II","Underlying 16",1.72,"Company 405","2013","30/09/2013","ES","ES","14 Software (SW)","312 China","31/03/2015","USD",0,1938889,1938889,0,1938889,1938889,"USD",0,1938889,1938889,0,1938889,1938889,"1","0","0","1","0"
"Adveq Fund of Funds II","Underlying 16",1.72,"Company 406","2013","30/06/2013","ES","ES","155 Other Online Services","312 China","31/03/2015","USD",2908333,0,2908333,1454166,0,1454166,"USD",2908333,0,2908333,1454166,0,1454166,"1","1","0","0","0"
"Adveq Fund of Funds II","Underlying 16",1.72,"Company 407","2011","30/09/2011","ES","ES","155 Other Online Services","312 China","31/03/2015","USD",8482635,0,8482635,14716320,0,14716320,"USD",8482635,0,8482635,14716320,0,14716320,"1","1","0","0","0"
"Adveq Fund of Funds II","Underlying 16",1.72,"Company 408","2012","30/06/2012","DC","PU","14 Software (SW)","312 China","31/03/2015","USD",5320822,8640848,13961670,4301034,19445538,23746572,"USD",5320822,8640848,13961670,4301034,19445538,23746572,"1","0","1","0","0"
"Adveq Fund of Funds II","Underlying 16",1.72,"Company 409","2012","31/12/2012","ES","ES","21 Healthcare Services (HS)","312 China","31/03/2015","USD",17399643,0,17399643,39235926,0,39235926,"USD",17399643,0,17399643,39235926,0,39235926,"1","1","0","0","0"
"Adveq Fund of Funds II","Underlying 16",1.72,"Company 410","2011","31/12/2011","DC","DC","12 Electronics / Computer Hardware (EC)","312 China","31/03/2015","USD",27491709,0,27491709,40400696,0,40400696,"USD",27491709,0,27491709,40400696,0,40400696,"1","1","0","0","0"
"Adveq Fund of Funds II","Underlying 16",1.72,"Company 411","2013","30/09/2013","ES","ES","24 Medical Devices and Equipment (MDE)","312 China","31/03/2015","USD",8110164,0,8110164,12902192,0,12902192,"USD",8110164,0,8110164,12902192,0,12902192,"1","1","0","0","0"
"Adveq Fund of Funds II","Underlying 16",1.72,"Company 412","2013","30/09/2013","ES","ES","14 Software (SW)","312 China","31/03/2015","USD",2423611,0,2423611,1211805,0,1211805,"USD",2423611,0,2423611,1211805,0,1211805,"1","1","0","0","0"
"Adveq Fund of Funds II","Underlying 16",1.72,"Company 413","2013","30/09/2013","ES","ES","153 Information Providers","312 China","31/03/2015","USD",1938888,0,1938888,1938888,0,1938888,"USD",1938888,0,1938888,1938888,0,1938888,"1","1","0","0","0"
"Adveq Fund of Funds II","Underlying 16",1.72,"Company 414","2013","30/09/2013","ES","ES","155 Other Online Services","312 China","31/03/2015","USD",10663884,0,10663884,5331942,0,5331942,"USD",10663884,0,10663884,5331942,0,5331942,"1","1","0","0","0"
"Adveq Fund of Funds II","Underlying 16",1.72,"Company 256","2012","31/03/2012","ES","LS","155 Other Online Services","312 China","31/03/2015","USD",21133889,0,21133889,87574667,0,87574667,"USD",21133889,0,21133889,87574667,0,87574667,"1","1","0","0","0"
"Adveq Fund of Funds II","Underlying 16",1.72,"Company 328","2011","31/12/2011","ES","LS","315 Speciality Retailers","312 China","31/03/2015","USD",0,2181250,2181250,0,2208516,2208516,"USD",0,2181250,2181250,0,2208516,2208516,"1","0","0","1","0"
"Adveq Fund of Funds II","Underlying 16",1.72,"Company 257","2014","31/03/2014","ES","ES","15 Information Services (IS)","312 China","31/03/2015","USD",30426002,0,30426002,137516177,0,137516177,"USD",30426002,0,30426002,137516177,0,137516177,"1","1","0","0","0"
"Adveq Fund of Funds II","Underlying 16",1.72,"Company 415","2012","30/09/2012","DC","DC","21 Healthcare Services (HS)","312 China","31/03/2015","USD",13175666,0,13175666,14309916,0,14309916,"USD",13175666,0,13175666,14309916,0,14309916,"1","1","0","0","0"
"Adveq Fund of Funds II","Underlying 16",1.72,"Company 416","2013","30/09/2013","FU","FU","46 Other","312 China","31/03/2015","USD",26272,0,26272,26272,0,26272,"USD",26272,0,26272,26272,0,26272,"1","1","0","0","0"
"Adveq Fund of Funds II","Underlying 16",1.72,"Company 417","2013","31/12/2013","ES","ES","15 Information Services (IS)","312 China","31/03/2015","USD",3441906,0,3441906,3441906,0,3441906,"USD",3441906,0,3441906,3441906,0,3441906,"1","1","0","0","0"
"Adveq Fund of Funds II","Underlying 16",1.72,"Company 418","2012","30/06/2012","ES","ES","46 Other","111 U.S. California","31/03/2015","USD",2908332,0,2908332,2081970,0,2081970,"USD",2908332,0,2908332,2081970,0,2081970,"1","1","0","0","0"
"Adveq Fund of Funds II","Underlying 16",1.72,"Company 419","2012","31/12/2012","ES","ES","11 Communications / Networking (CN)","312 China","31/03/2015","USD",8398703,0,8398703,16247840,0,16247840,"USD",8398703,0,8398703,16247840,0,16247840,"1","1","0","0","0"
"Adveq Fund of Funds II","Underlying 16",1.72,"Company 420","2013","30/06/2013","ES","ES","23 Biopharmaceuticals (BPH)","312 China","31/03/2015","USD",9966677,376754,10343431,9966677,376754,10343431,"USD",9966677,376754,10343431,9966677,376754,10343431,"1","1","0","0","0"
"Adveq Fund of Funds II","Underlying 16",1.72,"Company 421","2013","30/09/2013","ES","ES","24 Medical Devices and Equipment (MDE)","312 China","31/03/2015","USD",11314367,0,11314367,11681511,0,11681511,"USD",11314367,0,11314367,11681511,0,11681511,"1","1","0","0","0"
"Adveq Fund of Funds II","Underlying 16",1.72,"Company 422","2014","30/06/2014","ES","ES","24 Medical Devices and Equipment (MDE)","312 China","31/03/2015","USD",24790981,0,24790981,24790981,0,24790981,"USD",24790981,0,24790981,24790981,0,24790981,"1","1","0","0","0"
"Adveq Fund of Funds II","Underlying 16",1.72,"Company 423","2012","31/03/2012","LS","LS","21 Healthcare Services (HS)","312 China","31/03/2015","USD",4837140,0,4837140,15928459,0,15928459,"USD",4837140,0,4837140,15928459,0,15928459,"1","1","0","0","0"
"Adveq Fund of Funds II","Underlying 16",1.72,"Company 424","2013","30/09/2013","ES","ES","23 Biopharmaceuticals (BPH)","312 China","31/03/2015","USD",4855801,0,4855801,4855801,0,4855801,"USD",4855801,0,4855801,4855801,0,4855801,"1","1","0","0","0"
"Adveq Fund of Funds II","Underlying 16",1.72,"Company 425","2012","31/12/2012","ES","LS","24 Medical Devices and Equipment (MDE)","312 China","31/03/2015","USD",4020103,0,4020103,4020103,0,4020103,"USD",4020103,0,4020103,4020103,0,4020103,"1","1","0","0","0"
"Adveq Fund of Funds II","Underlying 16",1.72,"Company 426","2011","30/09/2011","ES","ES","322 Educational and Training Products","312 China","31/03/2015","USD",6786108,0,6786108,7917865,0,7917865,"USD",6786108,0,6786108,7917865,0,7917865,"1","1","0","0","0"
"Adveq Fund of Funds II","Underlying 16",1.72,"Company 427","2014","31/03/2014","ES","ES","14 Software (SW)","312 China","31/03/2015","USD",2908332,0,2908332,1454166,0,1454166,"USD",2908332,0,2908332,1454166,0,1454166,"1","1","0","0","0"
"Adveq Fund of Funds II","Underlying 16",1.72,"Company 335","2013","31/03/2013","ES","ES","335 Hospitality, Sports + Entertainment Facilities","312 China","31/03/2015","USD",4182124,0,4182124,5694378,0,5694378,"USD",4182124,0,4182124,5694378,0,5694378,"1","1","0","0","0"
"Adveq Fund of Funds II","Underlying 16",1.72,"Company 428","2012","30/06/2012","LS","LS","155 Other Online Services","312 China","31/03/2015","USD",17449999,0,17449999,56024079,0,56024079,"USD",17449999,0,17449999,56024079,0,56024079,"1","1","0","0","0"
"Adveq Fund of Funds II","Underlying 16",1.72,"Company 429","2013","31/12/2013","ES","ES","23 Biopharmaceuticals (BPH)","312 China","31/03/2015","USD",5338245,0,5338245,5338245,0,5338245,"USD",5338245,0,5338245,5338245,0,5338245,"1","1","0","0","0"
"Adveq Fund of Funds II","Underlying 16",1.72,"Company 430","2013","30/06/2013","LS","LS","24 Medical Devices and Equipment (MDE)","312 China","31/03/2015","USD",24253088,469927,24723015,24253088,469927,24723015,"USD",24253088,469927,24723015,24253088,469927,24723015,"1","1","0","0","0"
"Adveq Fund of Funds II","Underlying 16",1.72,"Company 431","2012","30/09/2012","ES","ES","24 Medical Devices and Equipment (MDE)","312 China","31/03/2015","USD",9709578,0,9709578,11732981,0,11732981,"USD",9709578,0,9709578,11732981,0,11732981,"1","1","0","0","0"
"Adveq Fund of Funds II","Underlying 16",1.72,"Company 275","2014","31/03/2014","ES","ES","14 Software (SW)","312 China","31/03/2015","USD",10114458,0,10114458,11716568,0,11716568,"USD",10114458,0,10114458,11716568,0,11716568,"1","1","0","0","0"
"Adveq Fund of Funds II","Underlying 16",1.72,"Company 432","2011","31/12/2011","SS","SS","11 Communications / Networking (CN)","312 China","31/03/2015","USD",7782924,5304570,13087494,3690131,2126533,5816664,"USD",7782924,5304570,13087494,3690131,2126533,5816664,"1","1","0","0","0"
"Adveq Fund of Funds II","Underlying 16",1.72,"Company 433","2011","30/09/2011","ES","ES","15 Information Services (IS)","312 China","31/03/2015","USD",8414161,0,8414161,19460835,0,19460835,"USD",8414161,0,8414161,19460835,0,19460835,"1","1","0","0","0"
"Adveq Fund of Funds II","Underlying 17",1.9,"Company 434","2011","30/06/2011","DC","DC","314 Food Retailing","316 Hong Kong","31/03/2015","USD",7299398,0,7299398,956160,0,956160,"USD",7299398,0,7299398,956160,0,956160,"1","1","0","0","0"
"Adveq Fund of Funds II","Underlying 17",1.9,"Company 435","2010","30/06/2010","DC","DC","328 Industrial Products","312 China","31/03/2015","USD",2690300,0,2690300,3098429,0,3098429,"USD",2690300,0,2690300,3098429,0,3098429,"1","1","0","0","0"
"Adveq Fund of Funds II","Underlying 17",1.9,"Company 436","2008","30/06/2008","BO","BO","432 Wind","312 China","31/03/2015","USD",23831300,0,23831300,6958586,0,6958586,"USD",23831300,0,23831300,6958586,0,6958586,"1","1","0","0","0"
"Adveq Fund of Funds II","Underlying 17",1.9,"Company 437","2010","30/06/2010","DC","DC","433 Solar","312 China","31/03/2015","USD",3174187,0,3174187,4606145,0,4606145,"USD",3174187,0,3174187,4606145,0,4606145,"1","1","0","0","0"
"Adveq Fund of Funds II","Underlying 17",1.9,"Company 438","2008","30/06/2008","DC","PU","432 Wind","312 China","31/03/2015","USD",15474395,0,15474395,8440509,0,8440509,"USD",15474395,0,15474395,8440509,0,8440509,"1","0","1","0","0"
"Adveq Fund of Funds II","Underlying 17",1.9,"Company 439","2011","30/09/2011","BO","BO","315 Speciality Retailers","312 China","31/03/2015","USD",9991940,0,9991940,11111068,0,11111068,"USD",9991940,0,9991940,11111068,0,11111068,"1","1","0","0","0"
"Adveq Fund of Funds II","Underlying 17",1.9,"Company 440","2009","30/06/2009","ES","ES","41 Specialty Materials and Chemicals","312 China","31/03/2015","USD",3253600,0,3253600,2654251,0,2654251,"USD",3253600,0,3253600,2654251,0,2654251,"1","1","0","0","0"
"Adveq Fund of Funds II","Underlying 17",1.9,"Company 441","2010","30/09/2010","DC","DC","43 Energy","312 China","31/03/2015","USD",6193000,0,6193000,6510236,0,6510236,"USD",6193000,0,6193000,6510236,0,6510236,"1","1","0","0","0"
"Adveq Fund of Funds II","Underlying 17",1.9,"Company 442","2010","30/06/2010","DC","DC","323 Food Products","312 China","31/03/2015","USD",5009872,0,5009872,3616774,0,3616774,"USD",5009872,0,5009872,3616774,0,3616774,"1","1","0","0","0"
"Adveq Fund of Funds II","Underlying 17",1.9,"Company 443","2011","31/12/2011","ES","ES","433 Solar","312 China","31/03/2015","USD",4717809,0,4717809,6812964,0,6812964,"USD",4717809,0,4717809,6812964,0,6812964,"1","1","0","0","0"
"Adveq Fund of Funds II","Underlying 17",1.9,"Company 444","2011","31/03/2011","DC","DC","23 Biopharmaceuticals (BPH)","312 China","31/03/2015","USD",12198841,0,12198841,16353042,0,16353042,"USD",12198841,0,12198841,16353042,0,16353042,"1","1","0","0","0"
"Adveq Fund of Funds II","Underlying 17",1.9,"Company 445","2008","30/06/2008","DC","DC","324 Vehicle and Components Manufacturers","312 China","31/03/2015","USD",0,6288101,6288101,0,20589548,20589548,"USD",0,6288101,6288101,0,20589548,20589548,"1","0","0","1","0"
"Adveq Fund of Funds II","Underlying 17",1.9,"Company 446","2008","31/12/2008","DC","DC","44 Environmental","312 China","31/03/2015","USD",1784046,558979,2343025,11630890,2884361,14515251,"USD",1784046,558979,2343025,11630890,2884361,14515251,"1","1","0","0","0"
"Adveq Fund of Funds II","Underlying 17",1.9,"Company 447","2008","30/06/2008","DC","DC","334 Financial Institutions and Services","312 China","31/03/2015","USD",13150000,0,13150000,31114429,0,31114429,"USD",13150000,0,13150000,31114429,0,31114429,"1","1","0","0","0"
"Adveq Fund of Funds II","Underlying 17",1.9,"Company 448","2011","30/09/2011","BO","BO","12 Electronics / Computer Hardware (EC)","312 China","31/03/2015","USD",4536810,0,4536810,4859655,0,4859655,"USD",4536810,0,4536810,4859655,0,4859655,"1","1","0","0","0"
"Adveq Fund of Funds II","Underlying 17",1.9,"Company 449","2011","30/06/2011","DC","DC","12 Electronics / Computer Hardware (EC)","312 China","31/03/2015","USD",7150480,4618751,11769231,18060548,4618751,22679299,"USD",7150480,4618751,11769231,18060548,4618751,22679299,"1","1","0","0","0"
"Adveq Fund of Funds II","Underlying 17",1.9,"Company 450","2010","31/12/2010","ES","ES","433 Solar","312 China","31/03/2015","USD",8778334,0,8778334,8979960,0,8979960,"USD",8778334,0,8778334,8979960,0,8979960,"1","1","0","0","0"
"Adveq Fund of Funds II","Underlying 17",1.9,"Company 451","2012","31/12/2012","ES","ES","324 Vehicle and Components Manufacturers","312 China","31/03/2015","USD",9240425,0,9240425,10415680,0,10415680,"USD",9240425,0,9240425,10415680,0,10415680,"1","1","0","0","0"
"Adveq Fund of Funds II","Underlying 17",1.9,"Company 452","2012","31/03/2012","DC","DC","328 Industrial Products","312 China","31/03/2015","USD",5394198,0,5394198,5775385,0,5775385,"USD",5394198,0,5394198,5775385,0,5775385,"1","1","0","0","0"
"Adveq Fund of Funds II","Underlying 17",1.9,"Company 453","2008","30/09/2008","ES","ES","41 Specialty Materials and Chemicals","312 China","31/03/2015","USD",5e+06,0,5e+06,2764981,0,2764981,"USD",5e+06,0,5e+06,2764981,0,2764981,"1","1","0","0","0"
"Adveq Fund of Funds II","Underlying 17",1.9,"Company 454","2013","30/06/2013","DC","DC","323 Food Products","312 China","31/03/2015","USD",3471438,0,3471438,1498071,0,1498071,"USD",3471438,0,3471438,1498071,0,1498071,"1","1","0","0","0"
"Adveq Fund of Funds II","Underlying 18",3.94,"Company 455","2012","31/03/2012","BO","BO","14 Software (SW)","311 Japan","31/03/2015","USD",12098091,0,12098091,11266294.94,0,11266294.94,"JPY",1002508307,0,1002508307,1353386214,0,1353386214,"1","1","0","0","0"
"Adveq Fund of Funds II","Underlying 18",3.94,"Company 456","2012","30/09/2012","BO","BO","41 Specialty Materials and Chemicals","311 Japan","31/03/2015","USD",9421374.91,0,9421374.91,15407460.46,0,15407460.46,"JPY",711866156,0,711866156,1850852006,0,1850852006,"1","1","0","0","0"
"Adveq Fund of Funds II","Underlying 18",3.94,"Company 457","2012","30/09/2012","BO","BO","12 Electronics / Computer Hardware (EC)","317 Other - Asia Pacific","31/03/2015","USD",10501048.76,0,10501048.76,1354770.9,0,1354770.9,"JPY",813722818,0,813722818,162744564,0,162744564,"1","1","0","0","0"
"Adveq Fund of Funds II","Underlying 18",3.94,"Company 458","2012","30/06/2012","BO","BO","24 Medical Devices and Equipment (MDE)","311 Japan","31/03/2015","USD",6854772.03,303775.32,7158547.34,8905011.57,604591.54,9509603.11,"JPY",534829776,36386511,571216287,1069732326,72418579,1142150905,"1","1","0","0","0"
"Adveq Fund of Funds II","Underlying 19",6.28,"Company 455","2012","31/03/2012","BO","BO","14 Software (SW)","311 Japan","31/03/2015","USD",35170799.75,0,35170799.75,32752655.21,0,32752655.21,"JPY",2914428310,0,2914428310,3934478219,0,3934478219,"1","1","0","0","0"
"Adveq Fund of Funds II","Underlying 19",6.28,"Company 456","2012","30/09/2012","BO","BO","41 Specialty Materials and Chemicals","311 Japan","31/03/2015","USD",21589281.26,0,21589281.26,35306466.44,0,35306466.44,"JPY",1631253808,0,1631253808,4241259901,0,4241259901,"1","1","0","0","0"
"Adveq Fund of Funds II","Underlying 19",6.28,"Company 459","2011","31/03/2011","BO","BO","315 Speciality Retailers","311 Japan","31/03/2015","USD",4334810.4,9749321.43,14084131.83,0,29695767.31,29695767.31,"JPY",0,1171156737,1171156737,0,3560462122,3560462122,"1","0","0","1","0"
"Adveq Fund of Funds II","Underlying 19",6.28,"Company 460","2010","30/06/2010","PU","BO","334 Financial Institutions and Services","311 Japan","31/03/2015","USD",3097779.36,15821480.22,18919259.58,0,15778404.02,15778404.02,"JPY",0,1603143121,1603143121,0,1598778339,1598778339,"1","0","0","1","0"
"Adveq Fund of Funds II","Underlying 19",6.28,"Company 461","2011","31/12/2011","BO","BO","311 Apparel and Accessory Retailers","317 Other - Asia Pacific","31/03/2015","USD",18100849.03,0,18100849.03,13327721.43,0,13327721.43,"JPY",1392190604,0,1392190604,1601019195,0,1601019195,"1","1","0","0","0"
"Adveq Fund of Funds II","Underlying 19",6.28,"Company 457","2012","30/09/2012","BO","BO","12 Electronics / Computer Hardware (EC)","317 Other - Asia Pacific","31/03/2015","USD",28474363.86,0,28474363.86,3673560.64,0,3673560.64,"JPY",2206469100,0,2206469100,441293820,0,441293820,"1","1","0","0","0"
"Adveq Fund of Funds II","Underlying 19",6.28,"Company 458","2012","30/06/2012","BO","BO","24 Medical Devices and Equipment (MDE)","311 Japan","31/03/2015","USD",25237046.94,1118402.27,26355449.22,32785363.74,2225910.14,35011273.88,"JPY",1969069735,133963342,2103033077,3938407396,266621742,4205029138,"1","1","0","0","0"
"Adveq Fund of Funds II","Underlying 20",4,"Company 462","2014","30/09/2014","ES","ES","15 Information Services (IS)","312 China","31/03/2015","USD",480000,0,480000,480000,0,480000,"USD",480000,0,480000,480000,0,480000,"1","1","0","0","0"
"Adveq Fund of Funds II","Underlying 20",4,"Company 463","2013","31/12/2013","PU","PU","155 Other Online Services","312 China","31/03/2015","USD",0,1.6e+07,1.6e+07,0,30577244,30577244,"USD",0,1.6e+07,1.6e+07,0,30577244,30577244,"1","0","0","1","0"
"Adveq Fund of Funds II","Underlying 20",4,"Company 464","2012","31/12/2012","DC","DC","14 Software (SW)","312 China","31/03/2015","USD",0,17800000,17800000,0,107431663,107431663,"USD",0,17800000,17800000,0,107431663,107431663,"1","0","0","1","0"
"Adveq Fund of Funds II","Underlying 20",4,"Company 465","2012","31/12/2012","DC","DC","42 Agriculture","312 China","31/03/2015","USD",17902835,0,17902835,35647264,1340803,36988067,"USD",17902835,0,17902835,35647264,1340803,36988067,"1","1","0","0","0"
"Adveq Fund of Funds II","Underlying 20",4,"Company 466","2012","31/12/2012","DC","DC","326 Media and Publications","312 China","31/03/2015","USD",0,2.5e+07,2.5e+07,0,10691860,10691860,"USD",0,2.5e+07,2.5e+07,0,10691860,10691860,"1","0","0","1","0"
"Adveq Fund of Funds II","Underlying 20",4,"Company 467","2013","30/06/2013","DC","DC","331 Business Services","312 China","31/03/2015","USD",27060000,0,27060000,27060000,0,27060000,"USD",27060000,0,27060000,27060000,0,27060000,"1","1","0","0","0"
"Adveq Fund of Funds II","Underlying 20",4,"Company 468","2012","31/12/2012","DC","DC","325 Producers of Clothing and Accessories","312 China","31/03/2015","USD",14804823,0,14804823,14804823,0,14804823,"USD",14804823,0,14804823,14804823,0,14804823,"1","1","0","0","0"
"Adveq Fund of Funds II","Underlying 20",4,"Company 469","2012","31/12/2012","DC","DC","332 Consumer Services","312 China","31/03/2015","USD",1e+07,0,1e+07,1e+07,0,1e+07,"USD",1e+07,0,1e+07,1e+07,0,1e+07,"1","1","0","0","0"
"Adveq Fund of Funds II","Underlying 20",4,"Company 470","2013","30/06/2013","DC","DC","311 Apparel and Accessory Retailers","312 China","31/03/2015","USD",29500000,0,29500000,29500000,1677778,31177778,"USD",29500000,0,29500000,29500000,1677778,31177778,"1","1","0","0","0"
"Adveq Fund of Funds II","Underlying 20",4,"Company 328","2014","31/12/2014",NA,"LS","315 Speciality Retailers","312 China","31/03/2015","USD",3e+07,0,3e+07,3e+07,0,3e+07,"USD",3e+07,0,3e+07,3e+07,0,3e+07,"1","1","0","0","0"
"Adveq Fund of Funds II","Underlying 20",4,"Company 471","2014","30/06/2014","DC","DC","153 Information Providers","312 China","31/03/2015","USD",1e+07,0,1e+07,1e+07,0,1e+07,"USD",1e+07,0,1e+07,1e+07,0,1e+07,"1","1","0","0","0"
"Adveq Fund of Funds II","Underlying 20",4,"Company 472","2012","31/12/2012","DC","DC","155 Other Online Services","312 China","31/03/2015","USD",0,3996000,3996000,0,5671891,5671891,"USD",0,3996000,3996000,0,5671891,5671891,"1","0","0","1","0"
